1.41980587e+00,1.20859093e+00,6.32045621e-01
1.51882738e+00,-1.99214791e+00,-1.64442815e+00
2.40844165e+00,2.24562621e+00,-1.64478754e+00
1.12113894e+00,-1.61549362e+00,-6.75876317e-01
1.76618398e+00,-9.85505031e-01,1.45957772e+00
-2.79353445e+00,3.01537361e+00,1.73176327e+00
-2.22408070e+00,1.03441992e+00,5.07434212e-01
2.41796756e+00,-5.29632585e-01,2.63065640e+00
2.43146546e+00,-1.76020775e+00,-5.56659602e-01
-2.82321574e+00,-6.15970255e-01,-2.36947859e+00
1.91430397e+00,-1.71164943e+00,3.05575744e+00
2.99697888e+00,-2.22367669e+00,-8.80286371e-01
-3.07238040e+00,-3.00321102e+00,-2.47450949e+00
1.68908439e+00,-2.88640313e+00,-6.71200603e-01
5.89311855e-01,-6.57822263e-01,-4.88033621e-01
2.99919155e+00,2.75067508e+00,9.73074125e-01
-3.09224528e+00,-2.83342297e+00,-3.68097613e-01
-2.17846512e+00,1.62675954e+00,2.45896655e+00
1.99434310e+00,1.22382036e+00,1.17666693e+00
2.52156485e+00,-7.16151361e-01,-2.56494537e+00
2.60209259e+00,-1.99259396e+00,-8.43794234e-01
-1.82627195e+00,3.00975395e+00,5.83996819e-01
1.56334003e+00,-1.48579580e+00,1.24475315e-01
1.76830578e+00,-1.44571073e+00,2.36285509e+00
-6.80958863e-01,-1.20811589e+00,1.16350441e+00
1.72925247e-01,-4.62911571e-01,-2.35950912e+00
1.11546843e+00,1.66128938e+00,-3.11608462e+00
-4.99356651e-01,7.30450561e-01,-1.00994845e-01
2.64072558e+00,-2.89722054e+00,-2.68778544e+00
1.04485746e+00,4.04927801e-01,-1.73406175e+00
1.40958182e+00,-1.64574552e-01,1.80389910e+00
1.67639213e+00,-2.41436126e+00,-2.12577188e+00
5.97978559e-01,-2.21063194e+00,2.68842506e-01
3.03111810e+00,-7.95595477e-01,-5.59614810e-01
7.31384250e-01,2.53321508e+00,-6.60711022e-01
2.22196354e+00,-2.56770110e-01,-2.77909837e+00
-8.08700470e-01,2.88266305e+00,7.89842384e-01
-2.49193539e+00,2.93316954e+00,2.28847496e+00
-3.50787366e-01,1.29656450e+00,7.55344750e-01
7.20949953e-01,2.13928932e+00,2.01885404e+00
5.27440864e-01,2.79620646e+00,1.90984035e+00
-4.60627318e-01,-2.12362639e+00,4.41704949e-01
2.27610268e+00,1.40895225e+00,1.56248129e+00
-1.28714778e+00,-1.35066184e+00,-7.52980362e-01
1.30880771e+00,6.75151250e-01,1.66083315e+00
-2.99327656e-01,3.06675257e+00,3.16113239e-01
2.51139265e+00,-1.74228356e+00,-1.89140148e+00
-1.68698044e+00,-2.63182389e+00,-2.01999986e+00
-2.18612416e+00,1.77167697e+00,-7.75535140e-01
8.49477717e-01,2.33738870e-01,-9.72793749e-01
1.04286973e+00,-9.19539177e-01,-1.08910308e+00
2.41961160e+00,2.61332203e+00,-2.78364365e+00
-1.09310582e+00,2.58866707e+00,1.11252746e+00
-1.42569958e+00,-2.50037539e+00,-9.39404175e-01
-1.90822781e+00,1.98857521e+00,2.07529937e+00
2.60206412e+00,2.34364048e-01,1.90470658e+00
2.77075447e+00,-1.77177664e+00,-1.85555932e+00
-1.22859357e+00,1.10831540e+00,-3.00440152e+00
-1.33418484e+00,-1.31790396e+00,2.50777378e+00
3.11043534e-01,-2.82732766e+00,-1.31750269e+00
-2.14858129e+00,-2.40315400e+00,2.13720495e+00
-2.86533827e-01,-2.40723235e+00,1.39208794e+00
1.71579390e+00,2.79727327e+00,-2.60902039e+00
1.27651203e+00,-2.08406702e+00,1.22841363e+00
-1.62384337e-01,-1.47620519e+00,1.38979886e+00
2.90805474e+00,1.87812149e+00,1.48152995e+00
-9.99527588e-01,-3.11642806e+00,-1.39437302e+00
-1.89374174e+00,-1.62705006e-01,3.02359586e+00
-3.90772579e-01,-1.30697341e+00,-1.80550811e+00
-1.93032783e+00,-1.59446293e+00,2.09478577e-01
2.50586835e-01,-1.94759915e+00,2.84661834e+00
3.06188350e+00,-1.21745318e+00,-2.67441456e+00
2.79133016e+00,1.42897455e+00,1.16218630e+00
5.16369417e-01,8.07790291e-01,1.31185205e+00
2.72821313e+00,1.72568001e+00,-1.12960122e+00
2.63222847e+00,-2.89389653e+00,-2.99269229e+00
-2.18601727e+00,1.89132399e+00,-1.41240475e+00
-2.45582169e+00,-2.22007189e+00,1.22805987e+00
-7.28885249e-01,-2.27854706e+00,4.19592372e-01
-5.91204688e-01,-2.29004054e+00,-8.26788174e-01
9.58371530e-01,-2.00968585e+00,1.74951131e+00
-2.25401905e-01,2.89442292e+00,-3.05648936e+00
-9.36201451e-01,-1.40615495e+00,1.92396380e+00
8.23783134e-01,1.17230683e+00,-3.02833495e+00
2.18682344e+00,2.94667225e-01,1.30500650e+00
-2.79975211e+00,-2.42706100e-01,-1.29430530e+00
-3.10346610e+00,-1.31102920e+00,-2.18893301e+00
-1.36841005e+00,1.46517721e+00,-1.71620375e+00
-2.30439347e+00,1.57367551e+00,-1.65949544e+00
-8.58669772e-01,-4.62954523e-03,-2.19326274e-01
-9.85708923e-02,-4.33167065e-01,4.09226330e-01
-7.52352333e-01,3.03550714e+00,9.82616459e-01
9.95284537e-01,-3.07903313e+00,-9.89332426e-01
-1.42769915e+00,-7.55869580e-02,1.15529149e+00
2.45659671e+00,1.68904029e+00,3.56472565e-01
9.93790016e-01,1.26201050e+00,-2.97356498e+00
2.06973004e+00,-2.25839460e-01,-7.90569175e-01
6.33548588e-01,1.95297489e+00,-2.79676168e+00
7.85072659e-01,3.12756621e+00,-1.93850461e+00
-1.40508720e+00,-1.02024987e+00,1.99730521e+00
2.52872451e+00,-1.27396353e+00,2.92480651e+00
-7.84872715e-01,1.27305180e+00,1.42931026e+00
2.85987606e+00,1.62257119e+00,1.62808127e+00
1.71628032e+00,-2.33272576e+00,-5.41755212e-02
-2.07792765e+00,-2.15337113e+00,-5.64506329e-01
1.98987662e+00,1.44431495e+00,7.62578423e-01
-2.35927802e+00,1.63783972e+00,3.08772811e+00
2.37291741e+00,-2.92111082e+00,-6.14233899e-01
1.24720632e+00,6.47640254e-01,2.09632948e+00
-2.53486991e+00,-1.74688845e+00,1.08828092e+00
-2.39667506e+00,-5.37371254e-01,1.21877074e+00
-3.07655432e+00,-3.10029585e-01,1.06099765e+00
-2.83266792e+00,5.20343683e-02,3.09276249e-01
-2.23326544e+00,-5.25275611e-01,-2.91211088e+00
1.68542916e-01,-5.30767702e-01,2.84782184e+00
6.73972040e-01,2.99830611e+00,-1.50307426e+00
2.66759890e+00,1.21435335e-01,-2.14258935e+00
-1.10505146e+00,-5.72020330e-01,-1.75821070e+00
1.38008978e+00,-2.80362921e-01,-1.31294174e+00
-1.38205678e+00,1.59550869e+00,1.61045985e+00
1.92165473e+00,1.15824792e+00,-1.00238608e+00
8.50829588e-01,-9.78462375e-02,3.60159130e-01
2.18066991e+00,2.83445674e-02,2.76648485e+00
4.24055650e-01,-2.65356274e+00,-1.60420010e+00
-1.69846212e+00,-2.10467569e-01,-1.64953099e+00
-1.69720487e+00,-2.79057897e+00,9.16618766e-01
2.07063187e+00,1.11969600e+00,-6.53408952e-01
-2.47668148e+00,-2.36985550e+00,6.34285273e-01
7.67474403e-01,-1.52989539e-01,-2.05219218e+00
-1.43936790e+00,1.97838283e+00,-1.85111796e+00
-3.82566071e-01,-1.39421508e+00,2.41174794e+00
-2.83725731e+00,-2.17465441e+00,2.16501197e+00
-2.27137550e+00,-2.06948719e+00,1.14991011e+00
6.71252263e-02,5.67908424e-01,-2.74174517e+00
-2.04235269e+00,-4.88404755e-01,8.45209822e-01
-2.90745379e+00,1.71250566e+00,-1.43048142e+00
4.83049617e-01,-6.91677025e-01,6.33122662e-01
-8.74566035e-01,3.23816506e-01,1.28957018e+00
6.31214586e-01,7.27665012e-03,9.27851611e-01
-6.51493818e-01,-1.75337971e-01,-7.57771907e-01
-1.72211695e+00,-2.63766866e+00,-1.38851332e+00
-3.12236517e-01,1.86713048e+00,-9.55887196e-01
6.49493364e-01,-1.86742617e+00,2.19293053e+00
1.48798810e+00,1.67296203e+00,1.95772277e+00
-2.92122166e+00,-9.62119114e-01,-2.13946253e+00
-2.20309602e-01,1.14278608e+00,-1.48753628e+00
-2.88971820e+00,-6.96058143e-01,2.33683190e+00
2.70244861e+00,2.73882814e+00,-1.16863655e+00
4.99471093e-02,-2.22584044e+00,6.02483093e-01
-1.89954075e+00,2.79579922e+00,-1.06970662e+00
2.56600233e+00,1.65142311e+00,2.67475408e+00
-5.74146244e-01,1.37019387e+00,4.76390524e-01
-1.47018797e+00,-4.84717000e-01,-1.13866230e+00
-2.30713861e-01,1.46834556e+00,2.82503197e+00
3.06522312e+00,-1.53669713e+00,-1.58465433e+00
2.89989249e+00,3.37557637e-01,-5.85365546e-01
-1.00923254e+00,2.85798162e+00,-1.71193295e+00
-4.68015343e-01,-1.38973200e+00,2.88729065e+00
9.91756195e-01,-4.61934868e-01,-1.37606519e+00
-2.86577461e+00,-5.16117993e-01,2.53408049e+00
4.36089792e-01,-2.69780906e-01,3.18095730e-01
-3.35270408e-01,-2.01315596e+00,2.21880095e+00
-2.22151950e+00,-2.73814211e+00,-1.00713723e+00
2.94829596e+00,-2.61319251e+00,-1.39453226e+00
2.77837810e+00,2.74382080e+00,-2.83948526e+00
-2.51103849e+00,-1.98509874e+00,-1.88206361e+00
-1.32477877e+00,2.23122591e+00,-2.93344707e-01
-3.07871763e+00,-2.78550803e+00,-1.13670085e+00
-3.11857736e-01,-6.58449528e-01,2.21650021e+00
-2.22460960e+00,7.02768654e-01,-1.16985816e+00
-2.23678557e+00,-5.22228316e-01,2.90206067e+00
-1.14564931e+00,-2.51113253e+00,1.54237821e+00
2.89284922e+00,1.39074195e+00,-1.83943630e+00
2.19771120e+00,2.93388318e-01,-2.50100277e+00
-7.66623174e-01,-4.49982530e-02,-1.60870853e+00
-2.42216836e+00,-3.00458900e+00,-2.75789961e+00
-1.71064329e+00,1.53395221e+00,-3.11666895e+00
1.41639665e+00,1.96635965e+00,2.49087467e+00
-2.96647694e-01,-4.91406766e-01,1.22360224e-01
-7.82078692e-01,2.02822520e+00,1.29953203e+00
-8.94506375e-01,-5.05344208e-02,-5.74719660e-01
-1.09439087e+00,-3.59965251e-01,1.85188443e+00
-1.85705947e+00,7.46290545e-01,2.62845457e+00
-8.28900956e-01,-8.38015100e-01,-2.78074489e+00
-5.88161052e-01,6.68126234e-01,1.77870207e-01
-3.21914966e-01,-2.20490614e+00,-1.99265871e+00
-3.04710603e+00,9.38429017e-01,-1.09939675e+00
2.05190713e+00,-2.70711834e+00,-1.83091330e+00
1.83642113e+00,-1.00455010e+00,-1.52409971e+00
2.71795235e+00,-9.56744978e-01,-2.49481975e+00
-2.15686700e+00,-2.56957025e+00,-1.83530199e+00
4.87550111e-01,2.55322816e+00,-7.18059091e-01
-3.08606065e+00,2.30977511e+00,-9.85318950e-01
2.94699005e+00,2.15859188e-02,1.40228581e+00
-2.30548417e-01,1.42190595e+00,2.13760810e+00
2.42561881e+00,-8.47627871e-01,-1.00145111e+00
2.02827373e-01,1.10394414e+00,3.04239043e+00
1.97704451e+00,-2.87237041e+00,8.50817834e-01
-8.21352218e-02,1.26019199e+00,2.20047095e+00
-9.79570490e-01,9.64526187e-03,-2.25426075e+00
-1.94656351e+00,2.71013314e+00,-2.95380890e+00
1.06773944e-03,2.77790035e+00,2.47903956e+00
-2.66778989e+00,-7.85049710e-01,-1.19314546e+00
1.06548146e-01,9.85739045e-01,2.47212117e+00
3.01737951e-01,1.35622069e+00,-2.75829458e+00
1.87391695e+00,3.04228753e+00,-1.90983936e+00
-1.80229051e+00,-2.78300064e+00,2.13978126e+00
2.92448215e+00,-2.92194715e+00,-9.89073139e-01
-2.31933001e+00,2.37746646e+00,2.13777181e+00
1.49871541e+00,2.52529467e+00,2.33210959e+00
-1.20562785e+00,1.95601659e+00,1.24848709e-01
-1.52111862e+00,-1.17090893e+00,-2.35031150e+00
1.00861119e+00,1.35501913e+00,2.40734600e+00
1.21886827e+00,-1.62496412e+00,-2.81699044e+00
-2.89296568e+00,-8.60579694e-01,1.12005223e+00
-1.33452297e+00,1.18521626e-01,-9.98053327e-02
2.97370718e+00,-2.49251778e+00,2.22440394e+00
-1.87275657e+00,6.22837987e-01,1.28038941e+00
-3.12050445e+00,1.22000108e+00,1.14409990e+00
2.20391190e+00,6.73511801e-01,-1.29854722e+00
-1.91302777e+00,1.12047301e+00,-8.15351212e-01
2.45502117e+00,2.71331951e-02,-1.70067452e+00
2.24018736e-01,-2.35885692e+00,5.98677777e-01
-1.02677123e+00,-2.47865567e-01,1.96444132e+00
2.64388027e+00,-1.57121353e+00,1.42651163e+00
3.58661048e-01,-5.69398721e-01,1.33721725e+00
-9.60109674e-01,2.21099159e+00,-4.96402669e-01
2.13647177e+00,9.51418976e-01,-3.11683861e+00
-1.54134159e+00,1.95283110e+00,2.70487260e+00
1.07496882e+00,3.65217772e-01,-1.24846094e+00
-1.62363799e+00,-3.06908959e+00,3.08492316e+00
-9.64358297e-01,1.93405255e+00,2.67316558e+00
2.75217928e+00,2.97285504e+00,-4.78072384e-01
1.73956748e+00,3.05631219e+00,9.59132787e-01
-2.23207678e+00,-7.20316765e-01,-2.83873080e+00
-2.72934603e+00,-2.85851282e+00,-2.39473745e-02
1.30074845e+00,6.71260612e-01,-2.43491798e+00
3.03705920e+00,-2.99195456e+00,7.12934184e-01
1.13071398e+00,6.62322499e-01,3.05977636e+00
1.64754023e+00,-2.91094538e+00,8.09858369e-01
-2.49960166e+00,-1.30760395e+00,-2.09647058e+00
-1.49254354e+00,-7.00418656e-01,1.96111645e+00
-5.58229043e-01,3.07465757e+00,3.09398393e+00
-3.10921331e+00,2.67225706e+00,-2.37280295e+00
1.45107224e+00,1.22064043e+00,2.32054195e+00
2.25612584e+00,1.29804898e-01,4.90507575e-01
-1.05722154e+00,-3.91148500e-01,-5.58524146e-01
1.61775036e+00,2.60125197e+00,-2.88614488e+00
3.05087758e+00,4.02228675e-02,2.78941720e+00
-2.72610195e+00,-1.71134329e+00,7.27852952e-01
1.56193738e+00,-5.12331409e-01,1.68269378e+00
2.09582290e+00,-6.54511742e-01,2.44977067e+00
2.06145870e-01,-3.74028333e-01,2.90150732e+00
2.32587748e+00,-6.85410329e-01,5.97865495e-01
1.65153991e+00,3.08853121e+00,-1.37254118e+00
2.00470382e+00,-1.91551331e-01,4.91062524e-01
1.95585497e+00,-2.04013688e+00,2.53057610e+00
4.09860769e-01,1.61494484e+00,2.77733574e+00
1.91596199e+00,2.38055875e+00,2.37004717e+00
1.94203551e+00,1.06313215e+00,1.67704230e+00
-1.07002041e+00,-1.98720633e+00,9.33521801e-01
-6.39566934e-01,-2.94425884e+00,-1.60924652e+00
1.04944716e+00,2.37126073e-01,1.86525498e+00
2.59327559e+00,-1.45586389e+00,1.30117718e+00
2.33324859e+00,-1.07482039e+00,1.13178635e+00
-1.14422252e+00,5.48586316e-01,-8.75663390e-01
1.77987574e+00,-3.02358131e-01,-3.06446529e+00
1.78980927e+00,6.55460994e-01,-8.02030436e-01
2.10475461e+00,-1.31166554e+00,2.35464478e+00
1.83778533e+00,2.14817999e+00,2.29331172e+00
4.52352914e-01,-2.77776071e+00,-2.91278166e+00
9.50083130e-01,-2.83766671e+00,-1.71577421e+00
2.97484216e+00,1.30956150e+00,-2.93406966e+00
2.72242159e+00,-1.81476039e+00,1.27517623e+00
9.14246382e-01,-2.76092900e+00,3.79298694e-01
-1.89659246e+00,-1.26622642e+00,-2.66802443e+00
-1.75734409e+00,-1.17548816e+00,-2.45073140e-01
8.13654593e-01,-2.06617589e+00,-6.28552615e-01
-3.75022584e-01,-8.78957259e-01,1.03638940e+00
-1.62144598e+00,-6.82574810e-01,1.65443397e+00
4.01466184e-01,2.92023037e+00,3.64253968e-01
1.64173229e+00,2.14881464e+00,2.04764776e+00
-2.97035921e+00,-1.92199285e+00,-2.69931017e+00
9.84789072e-01,-6.98908290e-01,-1.66588375e+00
3.57059363e-01,-1.01965996e+00,-4.24955759e-01
-1.93062408e+00,2.11119900e-01,1.40559918e+00
4.84796405e-01,2.96157867e-02,6.98094683e-01
2.00319324e+00,3.03598530e+00,2.85730277e+00
-9.52967223e-01,-7.29622406e-01,-3.02277087e+00
3.05408333e+00,3.86823775e-01,-1.15411726e+00
1.95882542e+00,3.53461208e-01,1.64873570e+00
-2.73756189e+00,7.63248261e-01,3.05452923e+00
1.97276664e+00,-2.74630079e+00,1.06453352e+00
2.55885260e+00,1.09747711e+00,1.93586688e+00
-2.11874257e+00,1.50500052e+00,2.01074097e+00
-2.41244634e+00,-1.83207326e+00,-2.18422834e+00
-1.87431267e+00,2.94508824e+00,-2.05313944e+00
-5.01882560e-01,2.63349618e+00,2.91376840e+00
2.98794743e+00,2.87769096e+00,-9.30704016e-01
-2.13253180e-01,3.09762013e-01,9.33684219e-01
3.38623437e-01,-1.76188708e+00,-8.41603790e-01
3.65299828e-01,-8.20305102e-01,3.55019469e-01
2.10759902e+00,-2.65233579e+00,-5.23627444e-01
8.39724885e-01,-1.53876355e+00,1.71464796e+00
-7.13711629e-01,-6.39954790e-02,2.89062687e+00
-2.28182661e+00,-3.03236445e+00,-1.08611707e+00
-1.31940495e-01,-3.12800942e+00,-2.57790622e+00
7.65012168e-01,1.55490272e+00,-3.10559175e+00
-8.05519515e-01,-2.40520829e+00,8.29555587e-01
-9.32218461e-01,1.07519683e+00,2.12911414e+00
-2.12652191e+00,4.14995418e-01,-1.99961085e+00
2.18049649e+00,2.75933481e+00,5.05083453e-01
-6.29574302e-01,-3.11035240e+00,-1.81181259e+00
-2.06733514e+00,-2.10658033e+00,-1.61945791e+00
-1.76523602e+00,2.37945388e+00,-5.79998491e-01
-5.14060121e-01,1.05816489e+00,-1.66978972e+00
-2.04697447e+00,-1.74700161e-01,-4.16821564e-01
-5.26812419e-01,9.40590253e-01,-1.75390144e+00
-1.43424234e+00,1.83369743e+00,-2.67302279e+00
1.23817605e+00,-2.13655347e+00,-4.06601994e-01
-1.56354842e+00,-7.14620905e-01,7.96606154e-01
-1.63760812e+00,-9.68946411e-01,-2.38912504e+00
2.45391798e+00,-2.07475329e+00,-1.90575042e+00
9.91132883e-01,1.45702327e-01,-2.51698723e+00
-2.23370544e+00,-2.18809446e+00,-1.74400856e+00
1.96712188e+00,-2.27802490e+00,2.60879374e+00
2.56368718e+00,-2.01105233e-01,-1.54183621e+00
1.49700705e+00,9.11481368e-01,1.42009807e+00
-2.13334452e+00,2.21558756e+00,1.04338927e+00
-2.50927159e+00,-1.04924795e-01,7.66961875e-01
-1.83876499e+00,2.78095641e+00,5.15247886e-01
1.19496249e+00,-1.25449866e-02,5.67508427e-01
-2.72065953e+00,6.93599129e-01,-1.20955056e+00
2.00176377e-01,2.37045062e+00,2.51522460e+00
8.01842618e-01,1.83343003e+00,-2.94465624e+00
-2.62742726e+00,-1.78346660e+00,1.24019268e+00
2.76589598e+00,-2.81207049e+00,-2.24651731e+00
2.28548246e-01,1.84530961e+00,5.26542213e-02
3.62332201e-03,3.01891754e+00,2.46561963e+00
-1.99459835e+00,-2.53924728e+00,-3.13840930e+00
-5.88838608e-01,-2.49033578e-01,-1.74238501e+00
2.48295833e+00,2.37944881e+00,1.22291058e+00
-5.85397833e-01,-2.89512901e+00,-2.31826224e+00
2.07232664e-02,-1.72577026e+00,1.86290681e+00
-1.56521292e-01,-2.30852035e+00,-1.66079823e-02
-4.46190346e-01,3.00833765e+00,-1.03640609e+00
2.18607870e-01,-5.83244568e-01,-1.24705049e+00
-4.96901881e-01,2.80743122e+00,-6.29879772e-01
2.10895904e+00,2.80612725e+00,8.67347869e-01
2.10111442e+00,2.92147543e-01,1.76047328e-01
-1.88080812e+00,2.75446166e+00,-1.42637772e+00
-1.42807927e+00,-1.74196308e+00,3.25182776e-01
2.75318705e+00,1.69491779e+00,-2.60988830e+00
8.08440841e-01,5.57939428e-01,-8.51031749e-01
-1.96951983e+00,3.42249221e-01,-1.70124550e+00
2.11935796e+00,2.76624448e+00,6.16801633e-02
2.99160571e+00,-2.52255083e+00,2.23502126e+00
-2.47085310e+00,1.11449621e+00,-4.39359666e-01
9.88314344e-01,2.93568606e+00,9.80336434e-01
-4.37571683e-01,-1.28300880e+00,-1.72473212e-01
-2.53640632e+00,-2.02698861e+00,1.51317572e+00
-1.45747368e+00,-2.00812776e+00,-4.41414381e-01
-2.47879143e+00,-2.61506913e+00,4.98167433e-01
-1.19159635e+00,-2.19424770e+00,-1.50851183e+00
-2.42148426e+00,-3.04853185e-01,-2.13626380e+00
3.79662237e-02,-3.01175619e+00,-2.27711272e+00
-1.85973885e+00,-1.06023405e+00,1.25416982e+00
1.80758879e-01,-9.47005689e-02,9.80137418e-01
6.93662146e-01,-3.04962104e+00,-2.54877778e-01
2.28893563e+00,9.77037216e-01,-1.53230324e-02
2.01109330e+00,-1.32716947e+00,-1.93368992e+00
-2.87652041e+00,1.89352997e+00,1.42676908e+00
1.82382684e+00,2.19528772e-01,2.49884180e+00
-8.53361030e-01,6.15443669e-01,8.20549400e-01
-1.51142192e-01,3.12154288e+00,2.70784355e+00
2.46815545e+00,8.73703105e-01,-9.95928562e-01
2.08312748e+00,8.18990058e-01,-1.59618935e+00
-1.55302580e+00,2.64250233e+00,-2.84370725e+00
2.19728147e+00,2.57553982e+00,1.66978281e+00
-6.14586594e-01,2.35620592e+00,-2.86237194e+00
-1.32473167e+00,-3.57729533e-01,1.97017141e+00
-1.33527185e+00,3.14054499e+00,8.08447596e-01
-4.78045197e-01,-1.51936559e+00,2.46103341e+00
-1.69752069e+00,-3.12386455e+00,-3.35364659e-01
2.66373360e-01,2.70960312e+00,3.10558548e+00
-1.68099931e-01,7.15328625e-01,-7.56338573e-01
9.10181122e-01,-7.68970198e-01,-3.00314991e+00
-2.18888011e+00,1.93549695e+00,1.51078748e+00
-1.09863754e+00,-2.25554369e+00,-1.37710304e+00
-2.37183581e+00,-1.75345264e+00,-1.24096244e+00
-7.53541428e-03,-1.95434348e+00,2.58526342e+00
3.52844978e-01,-8.59145801e-01,-1.05314826e+00
-1.86098404e+00,2.69959606e+00,2.28599852e+00
1.56188977e-01,-1.02177339e-01,1.83779352e-01
-5.93573367e-01,4.28375064e-01,-1.75929473e+00
-3.08023792e+00,8.74727533e-01,1.68043722e+00
2.16290254e+00,-1.56180446e+00,3.00152780e+00
-2.16727169e+00,3.04747895e+00,-1.46522459e+00
-2.93880502e-01,-1.82932769e+00,1.99872727e+00
1.66954062e-01,-9.07039559e-02,-2.17013326e-01
-3.40941420e-01,2.47970966e-01,-1.95433849e-02
-2.94476243e+00,-6.89039225e-01,-6.91697222e-01
1.85206745e+00,-1.08019643e+00,-1.40025341e+00
-2.01728311e+00,-2.46214576e+00,9.22982559e-01
2.52402916e+00,-1.37122704e+00,1.35608890e-01
-2.01909614e+00,1.39623618e+00,-4.27629995e-01
2.24146613e+00,2.02569601e+00,-2.91027784e+00
1.25742834e+00,2.61708725e+00,-2.57092777e+00
-2.36486533e+00,9.79803557e-02,-1.67292317e-01
1.75673287e+00,-2.22878145e+00,1.18160459e+00
-1.86707663e+00,-1.11921693e+00,2.94913534e+00
1.25912397e-01,2.87665219e+00,-7.18904163e-01
9.67528667e-01,2.18217326e+00,1.09776952e+00
-7.88110881e-01,-5.25304998e-01,-1.51680326e+00
2.51815237e+00,-1.48693812e+00,1.52774867e+00
-1.59047349e+00,2.41924077e+00,5.48296869e-01
-1.13343539e+00,-2.65188279e+00,-2.04483757e+00
1.75956779e+00,2.63523264e+00,-1.28282370e+00
-9.73098552e-01,-1.50045998e+00,-1.23800989e+00
-1.53267802e+00,-2.05346129e+00,-1.75550015e+00
-1.52997199e+00,1.16848590e+00,1.64165378e+00
-2.27677898e+00,-2.92680377e+00,2.35169241e+00
-2.81622033e+00,9.19587004e-02,-2.75251143e+00
-2.53171153e+00,-1.49443158e+00,2.46775448e+00
-3.00413640e+00,9.75483476e-01,2.47044231e-01
-1.01956592e+00,2.84149950e+00,-1.99012113e+00
-1.42957523e+00,-8.64259390e-01,7.13838533e-01
6.38434197e-01,2.67607561e+00,-4.39217509e-01
-2.05501641e+00,-1.70402723e+00,2.77682341e+00
-7.05634389e-01,1.81996095e+00,-1.17869336e+00
-1.10028238e+00,-1.99631869e+00,-1.49674566e-01
2.63785998e+00,-1.66914667e+00,-2.44166158e+00
9.38721460e-01,-2.14134624e+00,1.40120098e+00
-2.96832234e+00,1.65655259e+00,-8.23040838e-01
2.13886877e+00,1.92280922e-01,2.67095551e+00
-5.34194269e-01,1.20848945e+00,1.98484931e+00
2.08715725e+00,-2.52528501e+00,-2.05182667e+00
2.77274176e+00,-2.69926114e+00,-2.18372295e+00
-8.78110053e-01,1.74558672e+00,-1.89083932e+00
3.12622224e+00,-1.96344665e+00,3.46055252e-01
-2.41897356e+00,-1.21449232e-01,-2.52079397e-03
2.91540327e+00,2.72995700e+00,1.36561137e+00
-2.60697035e+00,-2.49394999e+00,-1.58261564e+00
-2.42983877e+00,-3.13416338e+00,-2.03897763e+00
2.85191750e+00,-1.94438886e+00,1.97071257e+00
-3.09285648e+00,-6.22930694e-01,2.56110116e+00
-2.46910479e+00,-3.76179128e-01,-2.44118330e+00
-2.23048842e-01,-2.74210613e+00,-1.68130509e+00
-5.08323676e-01,-9.16251047e-01,-1.17023433e+00
-8.72263981e-01,-1.58575959e+00,-6.70476628e-01
1.62512146e+00,2.62415601e+00,1.17151450e+00
-2.25722538e+00,1.64928760e+00,2.89640800e+00
-5.36853222e-01,-1.26492473e+00,-2.47149895e-01
-2.99163042e+00,-2.10914258e+00,2.30362231e+00
2.62563485e+00,2.91436897e+00,-1.28303218e+00
2.26371999e+00,2.65968338e+00,7.66242665e-01
-1.75542781e+00,-1.97620392e+00,-3.01026784e+00
-1.55489899e+00,1.81331029e+00,1.24147693e+00
2.49376608e+00,2.86115609e+00,-2.08377163e+00
9.00159779e-01,-2.25225069e+00,-1.02250696e+00
2.09616266e+00,-1.08945395e+00,1.57370236e+00
2.20491578e+00,2.70763312e+00,-7.77622827e-01
-1.58796603e+00,-1.63656298e+00,-8.54107807e-01
2.65332684e+00,-1.93250778e+00,-2.40048237e+00
2.66673675e+00,-3.51414459e-01,-8.68378425e-01
-2.90270983e+00,-1.93047564e+00,2.65456581e+00
5.57794547e-01,1.72972204e+00,2.50474598e+00
-5.83770924e-01,-2.16405471e+00,2.39268698e+00
1.37791293e+00,3.09496618e+00,2.37577747e+00
-1.11250173e+00,-1.01127502e+00,-2.81697807e+00
-2.11838446e+00,-1.09718885e+00,2.37049297e+00
2.25443404e+00,-1.29849128e+00,2.86287039e+00
1.27197716e+00,1.99798792e+00,8.10405570e-01
1.28198963e+00,5.18379230e-01,1.45729155e+00
1.82339274e+00,-3.07918522e+00,-4.68302370e-01
-2.70722153e+00,2.94254937e+00,-1.02348102e+00
1.55982653e+00,-2.46644389e+00,-2.63017875e+00
2.75537953e+00,-2.29701314e+00,1.71152780e+00
7.70968591e-01,-7.42785544e-01,7.91012463e-01
-1.28706848e+00,-3.01294288e+00,2.29024034e+00
-1.00338722e-01,1.53855281e+00,2.55856472e+00
7.82587488e-01,2.41942402e-01,-2.12125849e+00
1.70467906e+00,2.26146465e+00,-6.24020641e-02
2.44005917e+00,1.82479135e+00,-7.17612268e-01
-3.40618088e-01,-1.64724279e-01,1.31296456e-01
5.28600587e-01,-2.76849604e+00,-5.21312312e-01
-2.13128876e+00,1.61237435e+00,9.96832208e-01
1.89354434e+00,1.68100209e+00,-2.12319562e+00
-2.85882989e+00,-2.52989823e+00,2.47559934e+00
6.10591001e-01,-2.10291628e+00,-1.91465626e+00
-1.03507850e+00,-2.63506439e+00,1.58579437e+00
1.95059246e+00,1.59907166e+00,-1.08302773e-02
-9.59300730e-01,2.58065550e-01,1.96440491e+00
1.43344549e+00,5.79647396e-02,-2.38340949e+00
2.04056415e+00,1.06765118e+00,-6.19997817e-01
2.38157820e+00,2.23430794e+00,1.29005472e-01
2.22552870e+00,-1.57565484e-01,-2.40405342e+00
1.64327021e+00,2.39055624e-01,-1.40909130e+00
-2.32632644e-01,-2.62844651e+00,-1.98222215e+00
1.82188818e+00,9.64780736e-01,-1.04561014e+00
7.69688526e-01,1.87633033e+00,1.10272964e-01
-2.86918160e+00,-2.06925560e+00,-3.03516567e-01
5.43129818e-01,-1.83331941e+00,-3.03892838e+00
2.89653227e+00,3.01034435e+00,-5.39554931e-01
-6.83055943e-01,9.92601705e-01,2.10852073e+00
-2.10564836e+00,3.99378804e-01,-7.14716771e-01
9.11536175e-01,6.99683606e-01,-2.93450594e+00
-2.84009834e-01,1.77449567e+00,1.05532268e+00
7.26225023e-01,2.82089513e+00,-1.72540950e+00
2.10223714e+00,8.93864532e-02,-5.56030642e-01
2.49377823e+00,-2.63308893e+00,-2.50886524e+00
1.56854620e+00,1.09164940e+00,-2.32993939e+00
3.10548608e+00,1.57538033e+00,1.87628735e+00
-5.10341124e-01,-3.12682169e-01,-1.51087496e+00
-5.05311394e-01,2.61645322e+00,5.94314560e-01
2.79792719e+00,1.07986530e-01,2.02106806e+00
-2.49138731e+00,1.50093291e-01,1.48426056e+00
-6.47396145e-01,-1.22476256e+00,-2.04277148e+00
-3.92452484e-01,6.70307367e-01,-1.61173442e+00
-7.65545105e-01,1.91680996e+00,2.11793678e+00
-1.18024265e+00,-1.53583583e+00,-2.06632725e+00
-6.12265062e-01,-7.92613414e-01,2.45553862e+00
1.43252608e+00,-5.67125098e-01,2.38186151e+00
5.83872889e-02,1.28557298e+00,-2.51559673e+00
-1.33314663e+00,-4.40602049e-01,1.29639054e+00
1.61606479e+00,-4.67880973e-01,2.27369926e+00
1.12069252e+00,-5.16925130e-01,1.23427466e+00
8.96039192e-02,2.36839854e-01,2.01386419e+00
3.12609861e-01,1.51396698e-01,1.13764831e-01
-2.85394206e+00,2.76561919e+00,-2.80532658e+00
-4.45721700e-01,2.47302394e+00,1.78706993e+00
9.83563827e-02,-1.34923704e+00,1.12058032e+00
3.02219955e-01,-3.12618659e+00,2.34776060e+00
4.54871891e-02,-7.62843459e-01,1.88169161e+00
-1.36286223e+00,-1.75402804e+00,-3.05748970e-01
3.92890694e-01,2.59592543e+00,-3.52561491e-01
2.98457579e+00,1.10380876e+00,-4.05564262e-01
-1.55579002e-01,5.70696964e-01,1.93301450e+00
2.84685751e+00,-2.52194641e-01,2.56959684e+00
1.56105676e+00,5.55460932e-01,-2.27447859e+00
5.55448928e-01,-3.07987564e+00,2.94960360e+00
-3.00653769e+00,-2.11493034e-01,-1.86510648e+00
1.39903350e+00,2.66830519e+00,2.01205190e+00
1.14854384e-01,-2.76468532e+00,2.50260445e+00
-2.51778675e+00,-3.23768611e-02,3.10843400e+00
-1.42990259e+00,9.12764866e-01,-1.58573905e+00
1.75840739e+00,1.17427143e+00,-2.98753531e-01
-1.73505952e+00,-6.80592985e-01,3.11068989e+00
-3.05392579e+00,-2.55451316e+00,2.13683044e+00
-1.51688940e-01,-2.60600278e+00,-2.99256648e+00
5.79976044e-01,3.62260561e-01,1.30268669e+00
-2.75539853e-01,1.58716785e+00,-4.61278391e-01
-1.81227571e+00,1.91569149e+00,2.42508168e+00
-1.85777483e+00,-1.15518744e+00,2.57802173e-01
2.21574794e+00,-1.48329871e+00,-6.31816648e-01
1.30386534e+00,2.08074279e+00,1.37061488e+00
1.50210562e+00,4.32608919e-01,-3.09745566e+00
2.55313635e+00,-2.36428329e+00,1.58409255e+00
1.15788482e+00,2.10890887e+00,-2.79676026e-01
9.20377945e-01,-1.84757481e+00,-3.12796350e+00
-2.77465261e+00,9.11172481e-01,2.07397088e+00
2.03186698e+00,-9.30970505e-01,1.91947013e+00
8.15421774e-01,4.53157788e-01,-2.83192024e+00
3.47011069e-01,1.48216772e-01,5.63700432e-01
-2.86865723e-01,-3.05111109e+00,-2.67668953e+00
2.43132075e+00,1.14275803e+00,-1.62626288e+00
2.18018575e+00,-9.26759630e-01,-1.78611421e+00
-2.63148822e+00,3.10915760e+00,-2.78325355e-01
3.06479979e+00,-1.16918826e+00,-1.46333960e+00
2.05330520e+00,-2.63517869e+00,1.88799889e+00
-2.47092336e+00,5.82190794e-01,-2.44540306e+00
-3.03558438e+00,2.91564068e+00,1.05549056e+00
-4.48503803e-01,-4.15726397e-01,1.59440706e+00
9.65182086e-01,1.22346051e+00,-2.39192100e+00
1.38043886e+00,-7.55830248e-01,3.00251801e+00
-7.51643101e-01,-1.76408450e+00,-1.34490619e-01
-3.04640791e+00,-2.04663803e+00,-1.86017066e+00
3.47094189e-01,-2.32155547e+00,2.51843969e+00
1.97789106e+00,-2.38951417e+00,-2.71416191e+00
1.76740090e+00,-1.65820063e+00,-1.45190641e+00
4.09088290e-01,-2.03755536e+00,3.04382614e+00
8.37730348e-01,4.18394948e-01,7.86162239e-01
3.13569679e+00,3.09800869e+00,1.35049673e+00
-9.44599840e-01,-2.71533329e-01,-8.22728629e-01
-2.71465633e+00,5.62512158e-01,2.64623585e-01
7.14858953e-01,2.14802027e+00,-6.35486776e-01
1.57334512e+00,2.18885270e+00,-2.11504281e+00
-1.44354551e+00,3.88851406e-01,6.15054806e-01
3.14001826e+00,-4.46247094e-01,-4.45562974e-01
2.58739900e+00,1.79050927e+00,-3.04775171e+00
2.58722852e+00,-2.88065694e+00,-1.15371278e+00
-2.77315480e+00,-1.30576457e+00,1.18190041e+00
2.65118308e+00,5.99239456e-01,-1.29634206e-01
-1.30161010e+00,-1.92477769e+00,3.13580152e+00
1.76956100e+00,3.08881387e+00,5.10987043e-04
1.25354627e+00,1.57457252e+00,-1.56167169e+00
1.28642241e+00,-6.49612230e-01,9.93105542e-01
-3.04099262e+00,1.46024102e+00,3.51503432e-01
-2.34515538e+00,4.87638418e-01,2.41828927e+00
2.18181275e+00,-2.83791657e+00,1.21079582e+00
2.83467222e+00,-1.32513033e-03,-3.07528044e+00
-7.94620438e-01,5.43355522e-01,2.23849051e+00
2.73429695e+00,-2.70444734e+00,-4.79138417e-01
-1.32232896e+00,2.32046380e+00,-6.59352178e-01
1.24221630e+00,2.72693126e+00,8.45003790e-01
6.79899199e-02,-2.65442858e+00,1.23031291e+00
1.37836467e+00,-2.23966414e-01,2.43968132e+00
-2.52178593e+00,1.29270951e+00,-2.74151411e+00
2.33780777e+00,2.82848474e+00,1.45946802e+00
-1.13141241e-01,-2.03183818e+00,-1.44019396e+00
-1.48695480e+00,2.89651960e+00,-1.32631028e+00
-2.23491635e+00,-2.44621011e-01,-6.62938834e-02
-1.44934907e+00,-3.20434665e-01,-2.64095665e+00
6.25430973e-01,-1.14744640e-02,2.07636021e+00
1.85844745e+00,2.00341348e+00,-1.19997284e+00
-1.11088541e+00,8.03535344e-02,-2.44677119e+00
-3.75866316e-02,-2.41844556e+00,1.58323161e+00
-1.87238276e+00,-9.34001139e-01,1.16827914e+00
2.34869130e+00,-1.28176273e-01,2.37642525e+00
-2.70593642e+00,-2.04518513e+00,-2.68249926e+00
-9.70996534e-01,-9.58707311e-01,2.96738902e+00
2.69462990e+00,-1.60807641e+00,6.32077754e-01
-5.61106032e-03,8.50551829e-01,-1.75061214e+00
-3.01083363e+00,1.11898685e+00,-6.00742413e-02
-2.80802987e+00,1.51118695e+00,1.13305735e+00
3.10855908e+00,6.54211627e-01,4.06696498e-01
1.78047475e+00,2.34949982e+00,6.17526404e-01
-2.56873183e+00,-1.39532377e+00,2.64845840e+00
7.64809035e-01,-1.41480464e+00,-2.09813012e+00
-2.35321618e+00,1.29854652e+00,1.91797148e-01
3.09112107e+00,7.42085717e-01,2.24195228e+00
8.44897540e-01,2.76796190e+00,1.57942931e+00
2.26631535e+00,2.48004854e+00,1.30451560e+00
4.52108919e-01,1.38707259e+00,-2.61629979e+00
-1.96282950e+00,-8.72403577e-01,1.89773820e+00
-1.22675970e+00,3.16452732e-01,-3.07834396e+00
2.03979526e+00,-7.24514077e-01,-1.92121887e+00
1.33162973e+00,-1.08056776e+00,-1.54116627e-01
-1.51355153e+00,1.78773243e+00,5.68556465e-01
-2.23223519e+00,-6.20781060e-01,3.00699756e+00
1.17854328e+00,4.85529817e-01,2.18627435e+00
8.42777470e-01,2.11566801e+00,2.31752820e+00
-2.54322148e+00,-2.20891642e+00,-4.07564606e-01
2.18964830e+00,-8.53482623e-01,-2.11924963e+00
7.84366577e-01,1.89425662e+00,-2.19014958e+00
2.45284160e+00,6.82586556e-01,-1.99059951e+00
-2.28212148e+00,-1.79646714e+00,-1.43127344e-02
-2.60886487e+00,2.49156099e+00,-8.64527904e-03
-2.96797503e+00,4.87856652e-01,1.84958200e+00
1.04512314e+00,-2.25282970e+00,-8.38583850e-01
-7.73398967e-01,8.70919466e-01,3.06821851e+00
-2.75460250e-01,-3.08151444e+00,1.29842364e+00
1.57782931e-01,1.68441274e+00,-2.78715961e+00
-2.78248463e+00,1.65119367e+00,-2.98995299e+00
-6.07819358e-01,4.34920131e-01,8.61494005e-01
-2.69128375e+00,8.54376330e-02,-1.86460349e+00
-6.80118623e-01,-2.69787660e+00,1.50483463e+00
1.65068304e+00,2.04683431e+00,1.06305075e+00
-1.10017981e+00,-2.93475745e+00,2.12598946e+00
-2.86725922e+00,4.08547132e-01,-1.38783281e+00
2.33076147e+00,-1.65118605e+00,-1.54678825e-01
1.08775793e-02,1.84844282e-01,-1.43737606e+00
-1.69065852e+00,1.44584777e+00,2.08551436e+00
3.80023130e-01,-8.89457865e-01,-5.55183680e-01
-1.46899591e+00,9.26332621e-01,1.76199820e-01
2.87188903e+00,2.68077537e+00,-6.87175338e-01
1.90957895e-01,6.07231780e-01,2.59376078e+00
-4.07852327e-01,4.35226109e-01,-5.73021143e-01
1.19606230e+00,-2.18199075e+00,-1.73460118e+00
2.28031366e+00,-3.07069776e+00,-2.60704680e-01
2.76614411e-01,-2.23870906e+00,1.57732888e+00
1.93575725e+00,1.95399858e+00,-2.70035011e+00
-2.78800285e-01,1.69340623e+00,-9.57641246e-01
-1.18493633e+00,1.02093782e+00,1.29984853e+00
9.37618766e-01,1.65876141e+00,-2.02347323e-01
1.62238632e+00,2.44380156e-01,2.06190379e+00
-2.50679902e+00,-8.06232493e-01,-2.19267887e+00
3.73805731e-01,8.30029349e-01,-9.11787879e-01
-1.09565762e+00,-3.77892768e-01,-3.06459251e+00
-2.88707282e+00,-3.11422095e+00,2.46697584e-01
1.38691293e+00,1.92449440e+00,-9.76622070e-01
1.20371103e+00,2.25282202e+00,-5.82200303e-01
1.31374675e+00,6.95679182e-01,9.95991296e-01
-6.48403259e-01,1.04815188e+00,-1.94230763e+00
-2.44702578e+00,2.89574315e+00,-2.47324078e+00
-1.99961543e-01,2.44558472e+00,9.60289708e-01
-3.01320787e+00,-1.45359434e+00,-1.69380472e+00
-2.05779848e+00,2.07912431e+00,2.60010387e+00
2.83413579e+00,-2.31888546e+00,-4.79545016e-01
2.96716610e+00,-1.70007629e+00,-2.55091156e+00
-2.08822901e+00,7.94478409e-02,2.81607300e+00
1.01504443e+00,1.97641576e+00,4.37470149e-01
2.85890449e+00,-6.82752467e-01,-2.42306697e+00
2.32922560e+00,5.47512639e-01,-2.15293121e+00
1.30288889e+00,-2.17653683e+00,-5.99285256e-01
-3.21709068e-01,-2.54190425e+00,2.01121928e+00
2.08333301e+00,-3.13570081e+00,-2.28175984e-01
2.92364855e+00,-7.51246717e-01,-1.77657576e+00
1.91151643e+00,2.05065886e+00,2.72922199e+00
5.16897056e-01,-1.14960768e+00,-2.36938825e+00
2.05194000e+00,1.37905140e+00,2.50862056e-01
-1.56604832e-01,-2.14691854e+00,-1.86181977e-01
1.27659863e+00,-1.77771566e+00,2.41569203e+00
6.40088233e-01,7.50824423e-01,2.29573389e+00
2.10038948e+00,2.95540192e-01,-2.32878413e+00
-2.99794151e+00,3.06242857e+00,3.63493721e-01
-6.04112621e-01,2.93985599e+00,9.24804307e-01
8.94727894e-01,-1.17583256e+00,-1.60334235e+00
1.10855053e+00,-4.83374115e-01,3.15974505e-01
1.08375814e+00,-1.18080321e+00,2.31691444e+00
4.61427004e-01,4.84260244e-02,2.17522300e+00
-2.81780703e+00,1.90841044e+00,2.39428045e+00
1.60582972e+00,-2.46628726e+00,2.02164916e-01
1.14052545e+00,-4.61091806e-01,-1.98538735e+00
-1.85911350e+00,4.40102448e-01,-1.13313106e-01
1.90763915e+00,1.39691931e+00,1.31667830e-01
6.51036076e-01,-1.51294681e+00,1.77563883e+00
-1.75876507e+00,1.28280870e+00,3.08756355e+00
-2.89899064e-01,-2.17030833e+00,-1.22376137e+00
1.73220739e+00,6.67949918e-01,9.49340519e-01
-2.88600917e+00,-7.43003721e-01,-2.11363270e+00
-2.09605749e+00,-1.49909887e+00,3.08837445e+00
8.51095777e-01,-1.58224691e+00,1.86761248e+00
2.07919206e-01,-1.74393475e+00,1.51857493e+00
1.95026136e+00,2.53055439e+00,-1.12805201e+00
-2.69398280e+00,1.99152948e+00,1.61771534e+00
-2.08112535e+00,2.51833524e+00,2.01169034e+00
2.88672816e+00,8.05936387e-01,-2.07740033e+00
-1.66031548e+00,2.96448735e+00,-1.29817392e+00
1.41997766e+00,-5.93975662e-01,1.88777393e+00
-2.00545886e+00,6.66494999e-02,-1.65474304e+00
-3.13892163e+00,1.06956427e+00,2.35541723e-01
-1.05834207e+00,-5.66723573e-01,8.91772236e-01
-5.88970943e-02,-2.60746306e-01,2.32824853e+00
2.08025080e+00,2.05899879e+00,1.85401847e+00
3.00646362e+00,2.47967767e+00,-2.26054094e-01
2.91055572e+00,1.89737826e+00,-2.97788411e+00
-1.75392904e+00,2.98102726e+00,-3.08489307e+00
-2.18279684e+00,8.42572586e-01,8.65083754e-01
2.74476337e+00,-2.30280616e+00,-1.75337470e+00
-1.00851505e+00,2.44140497e+00,2.42697305e+00
2.71466291e+00,-1.20457474e+00,-1.00533494e+00
-3.08150714e+00,-2.25068398e+00,-1.33640666e+00
-2.64318881e+00,1.17415573e+00,-8.60278711e-01
-7.77920428e-01,1.85143498e+00,-1.57972002e+00
8.50344573e-01,-3.01114523e+00,4.64957851e-01
-1.29593906e+00,1.55814339e+00,3.00183345e+00
1.08598621e+00,1.66277579e+00,-4.15004561e-01
1.73484435e-01,-6.79827322e-01,-9.53138142e-01
-1.71195376e+00,5.09420649e-01,-8.73702805e-01
2.66416174e-01,-1.39510317e+00,-1.90232845e+00
-7.65140802e-01,1.60245774e+00,2.06211482e+00
1.18941343e+00,-1.98390463e+00,1.95617211e+00
8.99109608e-01,1.03366580e-02,1.02780629e+00
-4.86012368e-01,8.07664656e-01,7.85491069e-01
5.05410176e-01,8.25479167e-03,2.57791902e+00
-1.93825576e+00,-1.21837807e+00,4.58364884e-01
2.24302706e+00,-3.90181061e-01,2.58267222e+00
2.02861578e+00,1.65360002e-01,5.88111240e-01
-1.09467051e+00,1.56266845e+00,2.37713139e+00
-2.97944678e+00,-3.82659688e-01,-1.99733282e+00
8.31905770e-01,-6.91356797e-01,6.47693809e-01
6.64485752e-02,-3.02423749e+00,-1.44866264e+00
5.51743557e-01,1.01484656e+00,2.66840432e+00
-2.77142093e+00,1.28318852e+00,1.33393207e+00
1.36728366e+00,-1.97663005e+00,1.30788710e+00
3.34505813e-02,-2.18297673e+00,-7.83083060e-01
-1.66314945e-01,2.25453831e+00,1.30082122e+00
-6.38739201e-01,-2.58663657e+00,-1.05801674e+00
2.11060690e+00,1.00813068e-01,2.51462350e+00
-3.22999450e-01,8.37402707e-01,1.31564253e+00
-2.95474129e+00,-1.53936012e+00,2.58968422e+00
-2.82913338e+00,1.61217899e+00,-3.08068132e+00
2.15332763e+00,2.17746916e-01,1.98235111e-01
2.66848205e+00,3.06528999e+00,3.04828734e+00
1.36557739e-01,3.22480778e-01,-2.54442016e-01
-1.21770337e+00,-1.26108767e+00,2.54655741e+00
-1.49798781e+00,1.91795400e+00,-2.40629129e+00
2.45330102e+00,2.82313906e+00,-1.80217531e+00
-1.18470614e+00,-2.53747389e+00,-2.65771719e+00
-1.65662879e+00,9.57625507e-01,1.05197824e+00
2.17193561e+00,2.50795942e+00,2.45475427e+00
1.43112152e+00,-2.89807016e-01,-2.24263449e+00
2.20583579e+00,2.14067115e+00,-6.71822504e-01
-1.57224740e+00,-2.98474450e+00,-2.93745275e-01
1.77230003e+00,2.39329730e+00,1.86919760e+00
-1.05389410e+00,-2.69385105e+00,-7.68871543e-02
-2.83065946e+00,-2.02229252e+00,2.75570874e+00
-7.11461407e-01,2.67742524e-01,1.31246626e+00
8.14805258e-01,1.47621590e+00,1.72102530e+00
1.33926455e+00,7.78157429e-01,2.67719074e-02
2.38891903e+00,1.39660979e-01,1.00778011e+00
-3.08079347e+00,3.03837547e+00,-2.47996300e-01
4.90601077e-01,2.85311730e+00,-1.17825447e+00
-2.93317572e+00,9.72407846e-01,-2.35400759e+00
-1.06555687e+00,-1.24316723e+00,1.19332464e+00
1.63299262e+00,9.83662492e-01,-2.70651705e+00
-8.65009315e-01,1.23651547e+00,-1.88128515e+00
2.01210172e+00,2.97556359e+00,3.10007282e+00
7.96290660e-01,8.29648363e-01,-2.42008653e+00
-5.70834592e-01,-1.10847415e+00,2.76457087e+00
-2.21023444e+00,-1.48343418e+00,3.11588981e+00
2.62364583e+00,2.05258840e+00,1.11840979e+00
-2.21118778e+00,-2.57725911e+00,3.91796244e-01
-1.35908961e+00,-1.48848213e+00,-2.74339709e+00
5.06588272e-01,-2.62366981e+00,1.75401323e+00
8.54612370e-01,2.77431943e+00,2.56575369e+00
2.11274005e+00,7.51005491e-01,-2.76421000e+00
-1.32488321e+00,2.42221864e+00,2.55990927e+00
8.24700304e-01,6.26670005e-01,-5.82917443e-02
2.37376710e+00,1.54105017e-01,-1.47633455e+00
1.30697645e+00,2.48932920e+00,-2.43565658e+00
-2.98672866e+00,-2.68632274e+00,-2.50578546e+00
5.31222960e-01,-1.44295709e+00,-7.10233010e-01
-1.50612929e+00,2.54600906e+00,1.04790361e+00
-1.61001406e+00,-2.77045941e+00,4.02152988e-01
2.42144591e+00,-3.58125834e-01,2.18385064e+00
2.99775546e-01,1.48655559e+00,2.54839052e+00
1.32335080e+00,1.13046165e+00,2.35511121e+00
2.20902195e+00,-1.34086113e+00,-3.02219868e+00
-1.27716594e+00,5.02319144e-01,-2.68837961e-01
1.26660155e+00,-1.47707263e+00,-1.27100961e-01
-2.86816623e+00,-1.20964143e+00,-4.43305004e-01
1.83180233e+00,-1.80820537e+00,-4.66334617e-01
1.03823713e+00,2.41632984e+00,8.73051109e-01
2.21923382e+00,8.02195912e-01,-2.92731092e+00
7.30950135e-02,-4.01152435e-01,1.62652257e-01
1.28717606e+00,2.28940690e+00,-1.39378755e+00
3.12007892e+00,-1.51626153e+00,-1.44883630e+00
1.22218275e+00,-9.02303958e-02,2.60737611e+00
-2.53382045e+00,-4.59518139e-01,2.13600976e+00
-1.79149174e+00,-1.45245021e+00,5.21588219e-01
3.84209201e-01,5.38390801e-01,1.72451093e+00
3.02812542e+00,-8.85174618e-01,1.81894954e+00
2.71774794e-02,-7.73808990e-02,-2.04568656e+00
4.46336951e-01,2.82038025e+00,-7.52269259e-01
6.59349955e-01,2.00270913e+00,-1.13856945e+00
-1.22515792e+00,6.22625954e-01,-5.05767197e-01
7.55420817e-01,3.02739890e+00,1.66372567e+00
-2.50083528e-01,-4.17157106e-02,-2.43078150e+00
-9.37837482e-01,2.80650720e+00,1.76447323e+00
1.21800075e+00,-1.63390617e+00,1.57970712e+00
-1.61983803e+00,2.09562511e+00,-2.99817342e+00
-2.44098156e+00,-5.60469425e-01,1.49715208e+00
-1.57239213e-01,-1.67529498e+00,3.10581659e+00
-1.96204113e+00,-2.83640551e-01,-3.29070096e-01
1.09411067e+00,-1.75256281e+00,2.60818379e+00
-1.93963558e+00,2.52477450e+00,-2.43053688e+00
-3.98498221e-01,-1.68684741e+00,8.10969496e-01
5.30369304e-01,2.83602776e+00,-1.41370727e+00
-2.97088307e+00,2.54928757e+00,1.58249559e+00
-2.85031442e+00,4.27062860e-01,-1.43507427e+00
5.49522676e-01,2.20011023e+00,-2.05756928e+00
2.28896025e-01,-1.02102639e+00,-1.92586004e+00
-3.54840571e-02,-1.11973122e-01,-1.28906296e+00
2.04097784e+00,2.10167236e+00,-8.07807525e-01
1.38172713e+00,-2.08802307e+00,2.51488465e-01
2.06357595e+00,-2.44999403e+00,1.43171563e+00
1.68825852e+00,-1.05456827e+00,-2.51990178e+00
-2.34454885e+00,-3.07282420e+00,-1.83674111e+00
-4.43800398e-01,1.12304566e+00,-1.40703863e+00
-5.36694999e-01,2.90271401e+00,-7.15584923e-01
-4.19523021e-01,-1.50949488e+00,3.03956148e+00
1.10873418e+00,2.86815286e+00,-3.09773262e-01
2.34638084e+00,-2.65231868e+00,-1.36543178e+00
-2.80240368e+00,2.09460590e+00,-2.00221138e+00
-5.50651139e-01,-2.96806350e-01,6.45079505e-01
-1.10570407e+00,7.97062486e-01,3.40419403e-01
2.85895219e+00,-7.71074705e-01,1.97758062e+00
1.77674810e+00,-2.52956356e+00,-4.18061357e-01
2.50498105e+00,2.62111063e+00,-2.42669176e+00
-1.59718670e+00,2.58331141e+00,1.31288661e+00
5.72307971e-01,2.43693577e+00,1.74176526e+00
7.77399141e-01,1.24528538e+00,-1.12369141e+00
-3.12042144e+00,2.48358122e+00,-2.97572250e+00
2.64257267e+00,-3.05704851e+00,-1.24724288e-01
1.25258658e+00,1.82703398e+00,-2.04842537e-01
5.57655970e-01,2.06279431e+00,-7.05810412e-01
-1.60648029e-01,2.24446096e+00,5.77461689e-01
1.34764295e+00,-2.78793697e+00,-7.62341138e-01
-2.72574623e+00,1.22541467e+00,-1.78602311e+00
6.50414549e-01,-2.36888697e+00,-1.84361910e-01
-2.51537154e+00,-2.69012296e+00,5.63568995e-02
-2.90671691e+00,2.90959238e+00,-8.68289138e-01
-3.10529600e+00,1.82826543e+00,-1.99913061e+00
2.91608376e-01,-2.92335116e+00,-2.99889464e+00
-4.23542860e-01,-2.94273914e+00,2.39975873e+00
-1.75835474e+00,1.83396388e+00,-8.91909350e-01
-2.30839555e+00,1.29912270e-01,3.58158976e-01
2.29138923e+00,3.12524457e+00,-1.56565918e+00
-2.78500854e-01,2.99750061e+00,-1.22577010e+00
4.67455552e-01,-1.22004837e+00,8.34668984e-01
-9.30267508e-01,-8.59512942e-01,-2.07726883e+00
-2.42400840e+00,-1.95358410e+00,-2.11886934e+00
8.99909236e-01,1.15134856e+00,-2.82341024e+00
2.64619835e+00,2.26619050e+00,-2.63837208e+00
-1.63833230e+00,7.55208567e-01,-2.24980568e+00
1.70016765e-01,-7.42215206e-01,1.64768142e+00
-2.99500703e+00,2.02251137e+00,-5.95317779e-01
2.05781100e+00,2.32691105e+00,-1.66783328e+00
-3.90701260e-01,-6.97684957e-01,8.53372953e-01
-2.52535662e+00,3.71498485e-01,1.95817108e+00
1.97312557e+00,2.72850843e+00,-2.62876213e+00
-1.05188780e+00,1.75509600e+00,-2.63130167e+00
-2.18094566e+00,-3.04786903e+00,-2.42996552e+00
-2.94157965e+00,-1.15875140e+00,-1.94682137e+00
-7.99989273e-01,-3.96084080e-01,-2.82618743e+00
1.93344855e+00,5.03426981e-03,2.82840951e+00
6.93407400e-01,2.99483726e+00,3.73620147e-02
-1.85574062e+00,1.67597895e+00,-1.97361400e+00
8.27154653e-02,4.46412799e-01,-2.98694617e+00
-6.14710013e-01,2.81167136e+00,-2.31802051e+00
1.75539290e+00,-9.93348112e-01,9.14820795e-01
-5.61406323e-01,-3.71730206e-02,2.64625819e+00
1.69278144e+00,-3.13691330e+00,2.18127185e-01
-6.17584460e-01,2.57895773e+00,-1.27603634e+00
5.52645052e-01,1.05328350e+00,5.03172094e-01
2.55846290e+00,-3.10365300e+00,-1.85715357e+00
-2.00654839e+00,-2.59980020e+00,-2.71436400e+00
-9.36251731e-01,-6.72748598e-01,1.28036185e+00
-1.99510360e+00,6.75077029e-01,1.74583953e+00
6.91835391e-01,-1.29257970e+00,6.94542504e-01
-1.99635141e+00,-1.51954808e+00,1.90811711e+00
-2.77742133e+00,2.31882602e+00,6.97656293e-01
1.18117546e-01,1.24093397e+00,1.25708693e-01
1.10252993e+00,-9.35698028e-02,9.97163273e-01
3.13870121e+00,1.82527037e-01,2.85635250e+00
-2.17273898e-01,8.48832641e-01,-2.56010225e+00
2.42031804e+00,1.60365040e+00,-1.82589964e-01
-6.99735377e-01,-2.07317898e+00,7.44556041e-01
1.51487437e-01,1.11981950e+00,2.60582052e+00
-2.32279292e+00,7.34678102e-01,-2.31934843e+00
2.93204033e+00,-1.31629799e+00,-1.57987409e+00
-1.32780367e+00,-2.70190879e+00,1.32794939e+00
2.52402463e+00,2.57252144e+00,2.99272360e+00
2.01599073e+00,-3.05301919e+00,4.81188178e-02
2.22388771e+00,-2.47954723e+00,-7.97888571e-01
-9.85887625e-01,9.28052363e-01,9.52261290e-01
-2.68837446e+00,-7.35469785e-01,1.82715246e-01
-1.23939891e+00,-2.74253125e+00,-7.00493721e-01
1.14582333e+00,-1.50049109e+00,-7.56002549e-02
-1.77896769e+00,9.57821212e-01,2.88562624e+00
-2.95471508e+00,-6.12587277e-01,2.80792686e+00
1.49428126e+00,-1.87968596e+00,-1.14508680e+00
1.63095888e+00,8.20665398e-01,-1.69325179e+00
4.08430778e-01,8.59735279e-01,-3.89180387e-01
-2.93390345e-01,-2.47050464e-01,5.77745472e-01
-2.84110535e+00,-6.07201921e-01,1.29920426e+00
2.39994235e+00,2.74375649e+00,-7.71498546e-01
2.66307383e+00,-2.02599462e+00,-2.74251175e+00
1.31562779e+00,-7.55580300e-01,1.21832515e-01
1.29366395e+00,-6.97928142e-01,-5.60130956e-01
-6.11494452e-01,3.28887202e-02,-2.60741341e+00
-1.34110151e-01,-2.30616712e+00,1.90848770e+00
-5.59160806e-01,3.11071528e+00,-1.23783173e+00
6.49273751e-01,-2.90509880e+00,-1.51102245e-01
2.07155473e+00,2.44502976e+00,1.59591697e+00
-2.34910759e+00,-1.94265827e+00,-2.72701065e+00
-1.23941776e+00,1.00718015e+00,1.21368007e+00
-3.97875762e-01,2.28556185e-01,-2.04653818e+00
7.76751477e-02,1.68864305e+00,-4.69743299e-01
1.10330715e+00,-1.65923327e+00,1.25216434e+00
9.83155934e-01,2.06579818e+00,1.34492339e+00
-1.68449212e+00,-1.56387510e+00,2.73194359e+00
1.26219919e+00,-1.46457405e+00,-1.86568648e+00
2.40647987e+00,8.28226388e-01,4.69646850e-01
2.52574658e+00,1.25372378e+00,-6.87433634e-01
7.55602834e-01,1.30481844e+00,-8.70470891e-01
-2.68843869e+00,-1.33489174e+00,-2.45575130e+00
3.12407357e+00,-2.55943417e-01,1.06894669e+00
-2.31410364e+00,-8.98749066e-01,2.00192630e+00
-1.58346117e+00,6.50393215e-01,-1.54586265e+00
9.26754250e-01,-1.04436786e+00,2.81019986e+00
-1.40928834e+00,-9.45650544e-02,1.00159719e+00
8.89856693e-01,2.54430683e+00,-1.01799106e+00
-1.07372756e+00,-1.96022704e+00,-1.61309004e+00
1.88394871e+00,2.43972701e+00,-2.43287009e+00
-8.48822112e-01,9.43161876e-01,3.08199350e+00
2.47819590e+00,-1.38792133e+00,-2.21680793e+00
2.45232792e+00,-2.72809374e+00,-1.25525396e+00
1.93750101e+00,-1.55698911e+00,-2.87489571e+00
-4.38178938e-01,2.37646977e+00,5.76461663e-01
-9.73837903e-01,-8.00131559e-01,5.62946940e-01
1.20985350e+00,-5.39056341e-01,1.56880695e+00
3.35468700e-02,7.56530050e-01,-2.98235742e+00
1.51429498e+00,-1.57975658e+00,-1.43340331e+00
-2.28244541e+00,-2.66400085e-01,-4.22829509e-01
-1.89365704e+00,1.34648214e+00,3.41221350e-01
2.51084837e+00,1.68728948e+00,-2.67198457e+00
2.19287941e+00,7.42202793e-01,2.01359397e+00
1.53469448e+00,-2.08007482e+00,3.03433138e+00
-2.40839644e+00,1.28977939e+00,4.57394238e-01
-1.86235129e+00,2.55995049e+00,-2.06088826e+00
-2.20427136e+00,2.21988958e+00,1.66748379e-01
2.52258732e+00,1.70371908e+00,-2.48731600e+00
-3.04764676e-01,-2.93195989e+00,-2.92647212e+00
-7.68226623e-01,1.98668008e+00,1.80377261e+00
2.25422428e+00,-2.90063794e+00,1.37727772e+00
1.02347331e+00,1.16027001e+00,-6.50598443e-01
5.03684617e-01,-3.06220891e+00,-1.17816148e+00
