3.75848973e-01,5.76271026e-01,-1.58013731e-01,7.08294370e-01
-1.91258262e-01,-6.88507802e-01,1.04465857e-01,6.91711044e-01
5.11886908e-01,-7.64859738e-02,-6.86336243e-01,-5.10944469e-01
1.43724777e-01,-6.99323924e-01,1.68451012e-01,6.79642181e-01
7.07594017e-01,2.30082939e-01,6.45293894e-01,1.73113660e-01
-1.71870168e-01,6.46627969e-02,6.45228525e-01,-7.41592556e-01
-8.09341036e-01,1.63372335e-02,5.25753567e-01,2.61310867e-01
3.17737741e-01,8.49947426e-01,3.92400410e-01,-1.50512520e-01
5.00720510e-01,-4.21775125e-01,6.34060964e-01,4.11523277e-01
-3.98800276e-01,8.53554607e-01,-2.52640823e-01,-2.20398476e-01
4.57427469e-01,5.16835923e-01,4.03664642e-01,-6.00579383e-01
3.72147997e-01,-2.46856130e-01,7.95312709e-01,4.09933672e-01
-5.52350525e-02,5.39859765e-02,-3.28672776e-01,-9.41280410e-01
-1.27093318e-01,-6.53262561e-01,6.72388305e-01,3.24020498e-01
1.92023664e-01,-3.66337559e-01,-1.27769466e-01,9.01442549e-01
1.38614628e-01,1.52266980e-01,-8.58468345e-01,4.69715714e-01
-1.55299450e-01,4.11214543e-03,-9.71860537e-01,-1.77065715e-01
-5.20946442e-01,-4.61136531e-01,5.15415344e-01,-5.00314828e-01
3.98932767e-01,6.40884897e-01,-1.54839020e-01,6.37294339e-01
1.51109178e-01,-8.85510927e-01,-1.79023343e-01,4.01231925e-01
3.86229347e-01,-4.18569970e-01,6.78859253e-01,4.63439517e-01
-2.25506832e-01,5.69113666e-01,7.67868810e-01,-1.88769158e-01
5.47702527e-01,-4.46884137e-01,5.08108153e-01,4.92079887e-01
6.08142059e-01,3.77364404e-01,6.34033218e-01,-2.92850168e-01
6.45533385e-02,-5.98335730e-01,2.67816289e-01,7.52397273e-01
-1.79249438e-01,-1.64814848e-01,-8.88947101e-01,3.87915915e-01
6.30972978e-01,-3.48917503e-01,-5.77136446e-01,-3.83462123e-01
-2.13031718e-01,3.57293332e-01,4.24541029e-02,9.08381314e-01
-2.13107907e-01,-1.70388705e-01,1.86887942e-01,9.43729626e-01
4.49153764e-01,-2.59898961e-01,-7.12145198e-01,4.72824114e-01
4.49496745e-01,4.67737722e-01,6.28617185e-01,4.28969154e-01
-4.17573075e-01,-5.35037391e-01,1.30095070e-01,7.22802179e-01
2.45463846e-01,-8.28538869e-01,3.18326200e-01,3.89793887e-01
8.78803792e-01,-2.74773471e-01,3.57698437e-01,1.55741010e-01
3.90338028e-01,8.08080097e-01,-4.13463535e-01,1.53917791e-01
1.04316754e-01,-8.84443301e-01,-4.12238476e-01,1.92191315e-01
-3.97631991e-01,8.21949092e-01,4.05764681e-01,-4.05402552e-02
-3.29760828e-01,4.15777795e-02,4.20200677e-01,-8.44369869e-01
-3.48538407e-01,5.01361112e-01,3.87373612e-01,6.90724040e-01
-6.04502363e-01,5.80327723e-01,2.15884520e-01,5.01189087e-01
-7.50449067e-01,5.85969652e-01,-1.29300028e-02,3.05448162e-01
7.77042368e-02,-8.53900754e-01,-9.05762701e-02,5.06568350e-01
2.99897567e-01,6.79920460e-01,-1.92453216e-01,6.40883279e-01
-6.19408070e-01,-2.92879462e-01,-5.78409605e-01,4.42716154e-01
1.93440316e-01,6.01241070e-01,4.16657709e-01,6.53824421e-01
-1.61039575e-01,9.74934031e-01,1.52966739e-01,1.30792657e-02
1.66004438e-01,-6.35223158e-01,2.63822784e-01,7.06633996e-01
-6.45002869e-01,-1.82699809e-01,-5.26405168e-01,-5.22962406e-01
-3.85461549e-01,5.42062488e-01,5.26693406e-01,5.29321934e-01
4.11468251e-01,-9.73903689e-02,-4.65481885e-01,7.77518880e-01
1.82505415e-01,-5.60366416e-01,-2.13476606e-01,7.79171991e-01
3.78986604e-01,-1.79649918e-01,-2.51509533e-01,-8.72260291e-01
-5.54444677e-01,6.23060246e-01,5.47753324e-01,-6.59797425e-02
-5.08741975e-01,-5.46914785e-01,-6.61358950e-01,-6.83385763e-02
-6.43578022e-01,-1.36549258e-01,6.19107919e-01,-4.28797172e-01
5.29579996e-01,7.97993285e-01,1.50322258e-01,2.45265089e-01
2.58547391e-01,-5.83200888e-01,3.63091856e-01,6.79112859e-01
3.95416511e-01,5.18446489e-01,-6.72459689e-01,3.50224198e-01
3.04634426e-01,-6.14713398e-01,4.72156381e-01,5.53528370e-01
-5.78124436e-01,-7.86426398e-01,2.63417214e-02,2.15897592e-01
2.36663832e-01,-4.91973944e-01,-2.44021422e-01,8.01501974e-01
5.52984107e-01,-7.41759485e-01,1.25556388e-01,3.58101991e-01
6.55752652e-01,4.45402733e-02,-3.04215454e-01,-6.89534322e-01
6.45269939e-01,-3.93496414e-01,6.53901960e-01,3.46338725e-02
3.83351007e-01,-5.53568604e-01,4.30186909e-01,6.01284483e-01
3.69378492e-01,4.65199349e-01,-5.45044619e-01,5.91671749e-01
-5.68114142e-01,-6.68962337e-01,-3.74454766e-01,-2.99197829e-01
-3.03348857e-04,-8.10299149e-01,5.77391368e-01,1.00171880e-01
-5.63673520e-01,-2.48424634e-01,-6.84549667e-01,3.89806514e-01
-5.28694599e-01,-4.65101097e-01,-5.43373268e-01,4.57065074e-01
8.21959943e-01,-5.10932438e-02,5.66886835e-01,-2.02644786e-02
1.67577337e-01,-8.02736981e-01,1.00455757e-01,5.63417977e-01
5.59106987e-01,5.03767499e-01,-4.67051756e-01,4.64198601e-01
-4.56848917e-02,4.44317232e-01,4.62710452e-01,7.65763753e-01
6.21047095e-01,-2.08961512e-01,-6.99480005e-01,-2.85242555e-01
-2.40423451e-01,-1.37811788e-01,4.03947084e-02,9.59985803e-01
-1.53417103e-01,6.20922183e-01,3.73233777e-01,6.72023350e-01
-1.68746162e-01,-4.87403003e-01,-6.03351109e-01,6.08219110e-01
3.09360566e-02,-8.61111620e-01,-2.35270865e-01,4.49641366e-01
-4.60171471e-01,-7.49493068e-01,-4.01683077e-01,2.55250982e-01
7.33299168e-01,-2.90533680e-01,6.14671379e-01,6.45033597e-03
9.84595146e-01,5.57973234e-02,-1.17630076e-01,1.16714277e-01
2.76497474e-01,-6.12344189e-01,3.91635694e-01,6.28653500e-01
5.24961128e-01,-3.04291647e-01,-7.74710853e-01,-1.77891829e-01
6.57134191e-01,5.87044598e-01,1.72347441e-01,4.40283607e-01
-7.92811123e-01,5.73335556e-01,-1.96966770e-01,6.27770250e-02
-3.73745210e-01,6.99034288e-01,-2.92877467e-01,-5.34685302e-01
8.48647819e-02,6.94408077e-01,-1.59483774e-01,6.96534505e-01
-2.23141941e-01,6.70256520e-01,2.25008164e-01,6.71070188e-01
-4.13994879e-01,4.34654426e-02,-1.00468192e-01,9.03673137e-01
-3.49983945e-03,-2.19932281e-01,1.87834396e-01,9.57254293e-01
-4.55347199e-01,8.09721212e-01,3.46721472e-01,-1.29594395e-01
-4.03813584e-01,-7.80086115e-01,4.06881254e-01,2.50694809e-01
-5.32529154e-01,-3.81197641e-01,3.91712531e-01,6.46268018e-01
5.71092182e-01,3.58015359e-01,-6.53529786e-01,3.44350899e-01
5.49081409e-01,-3.40025976e-01,-7.30885350e-01,-2.20677473e-01
7.66282089e-01,-3.82074925e-01,-1.05970422e-01,5.05569759e-01
8.05562988e-01,-3.67624667e-02,-5.68466564e-01,-1.62980242e-01
7.63255144e-01,5.20648874e-01,-2.21818627e-01,-3.11709531e-01
7.99917120e-03,-6.75861303e-01,3.89132861e-01,6.25877887e-01
2.61281127e-01,7.42537565e-01,3.02425822e-01,-5.37502335e-01
-5.92229421e-01,2.13283228e-01,6.58654634e-01,4.12248287e-01
3.94042387e-01,5.65574722e-01,-4.22662687e-01,5.88397896e-01
2.81341911e-01,-6.08940491e-01,6.88363586e-01,2.76032212e-01
-5.16919089e-01,-3.14948025e-01,-7.95749048e-01,1.96430489e-02
4.50221623e-01,5.68300858e-01,-3.62531815e-01,5.85581172e-01
-2.95377082e-01,-6.23693668e-01,2.78492730e-01,-6.67982326e-01
-1.54428952e-02,-3.86064854e-01,8.65834880e-01,3.17876401e-01
5.25232575e-02,6.08644659e-01,5.74105151e-01,5.45157098e-01
-4.05807485e-01,-5.13187907e-01,-5.26575270e-01,5.42841544e-01
-6.81080379e-01,-5.93207223e-01,-1.94187891e-03,4.29221315e-01
-8.49221655e-01,-5.03962428e-01,-1.16850129e-01,1.05785158e-01
-9.76589816e-01,-1.48182809e-01,4.90859890e-02,1.48002538e-01
-2.12508294e-01,8.49066081e-01,-4.47592444e-01,-1.83270344e-01
2.70422580e-01,4.20999473e-02,9.54444039e-01,1.18894067e-01
6.60000964e-01,6.71617126e-01,-2.87086836e-01,-1.75813290e-01
4.77247366e-01,-8.44887579e-01,-2.33971803e-01,6.04741741e-02
-5.06117823e-01,2.34618706e-01,-7.23383358e-01,4.06835753e-01
4.33547982e-01,-4.70064189e-01,-3.95619371e-01,6.59212499e-01
-7.06085152e-01,6.13335281e-02,7.04093948e-01,4.39735162e-02
7.52273742e-01,-5.46577105e-02,-6.23778438e-01,2.04932216e-01
4.13517573e-01,3.00047269e-02,1.82804433e-01,8.91451329e-01
1.58894224e-01,8.72364322e-01,4.51694232e-01,9.85161685e-02
-6.46556962e-01,-6.96043925e-01,-2.78121820e-02,3.10987833e-01
-5.57708026e-01,5.01215166e-01,-5.35949829e-01,3.87947028e-01
1.70472556e-01,-6.41674898e-01,-6.11518411e-01,4.30392456e-01
7.77144824e-01,2.27748827e-02,-5.71317106e-01,2.62914420e-01
-2.43719917e-01,-3.98232616e-01,-7.93763313e-01,3.89809170e-01
1.32819191e-01,-3.55989719e-01,-7.75935371e-01,5.03542135e-01
2.84269922e-01,6.67206453e-01,1.15366012e-03,6.88494612e-01
5.36769477e-01,-3.61103107e-01,6.59593949e-01,3.82647224e-01
-9.70267202e-02,-4.68744429e-01,-3.48322255e-01,8.05938014e-01
-1.91625715e-01,-5.55982615e-01,-5.37203754e-01,6.04628021e-01
2.80816124e-01,2.40347389e-02,-9.42171630e-01,1.81320864e-01
-7.02829887e-01,-4.54544353e-01,1.98492798e-02,5.46832321e-01
-4.33440330e-01,4.93394936e-01,5.16176016e-01,5.49775626e-01
3.16304246e-01,-2.42742193e-01,3.61419302e-01,8.42854638e-01
-4.21800810e-01,-1.34479534e-01,5.91912440e-01,6.73527279e-01
2.76036613e-01,1.41981696e-01,4.24348604e-01,8.50631088e-01
-3.26861081e-01,4.08458347e-02,-3.75120646e-01,8.66474438e-01
-5.49094268e-01,-3.63995501e-01,-6.68489446e-01,-3.45144348e-01
2.83047594e-01,7.47550980e-01,-1.59365262e-01,5.79356802e-01
7.64402573e-01,-1.79110890e-01,6.18666028e-01,2.93315596e-02
-2.00027685e-01,6.81327253e-01,1.28650257e-01,6.92265274e-01
-4.67886105e-01,7.48371623e-01,-3.06422727e-01,-3.56549603e-01
2.95890620e-01,4.58185673e-01,-5.22309134e-01,6.55521013e-01
-3.25800377e-01,-8.74891667e-01,-2.38553234e-02,3.57560638e-01
2.80555564e-01,7.03127794e-02,-8.21644370e-01,-4.91167200e-01
2.76601589e-01,-8.53058504e-01,1.52506379e-01,4.15360751e-01
1.71791440e-01,5.64460481e-01,6.38245635e-01,4.94484152e-01
-5.25895714e-02,6.80773990e-01,2.42091912e-02,7.30202045e-01
-3.56252651e-01,5.37986245e-01,3.49333831e-01,6.79426761e-01
-6.44324602e-01,2.01025809e-01,-5.23742130e-01,5.19738986e-01
-6.70669897e-01,2.05181873e-02,7.40387716e-01,4.00864433e-02
4.85659336e-01,-5.30218463e-01,4.68086105e-01,5.13710803e-01
9.42826920e-01,-2.62958146e-01,-1.93950860e-01,6.56770566e-02
6.09651349e-01,6.19632072e-01,2.20298883e-01,4.42549127e-01
5.95217103e-01,-2.55657066e-01,7.22344832e-01,2.42020679e-01
2.29938220e-01,-4.49660563e-01,-4.59558845e-01,7.30574747e-01
-2.52978984e-01,-9.24356789e-01,5.12265611e-02,2.80966189e-01
2.32445351e-01,-9.56910283e-02,1.81947575e-01,9.50635296e-01
7.06316886e-01,-4.50816784e-01,4.09356142e-01,3.60982316e-01
-3.67144494e-01,-2.94349638e-01,-8.11819808e-01,-3.45704801e-01
1.39440015e-01,-2.38308548e-01,7.20366330e-01,6.36268708e-01
2.04276746e-01,-1.65472798e-01,-1.80365875e-01,-9.47817448e-01
-5.15885601e-01,2.67004604e-01,-6.05858710e-01,-5.43604463e-01
-1.63961948e-01,7.40147330e-01,4.95789501e-01,4.23663995e-01
-1.65837810e-01,6.92052626e-02,-8.32053830e-01,-5.24780789e-01
2.20249132e-01,-2.74034355e-01,8.14176930e-01,4.62072958e-01
-6.17845924e-01,5.91876999e-01,2.78939080e-02,5.16884864e-01
8.22195669e-03,-8.76170771e-01,3.91544410e-01,2.80980702e-01
4.36369025e-01,-6.90046035e-01,-1.87915891e-01,5.45990990e-01
5.24953975e-01,-5.57861092e-01,-4.61039212e-01,-4.47947732e-01
3.40489052e-01,-8.15388153e-01,-4.67850805e-01,1.80274524e-02
-2.74358194e-01,2.54879329e-01,-6.73772146e-01,6.37020568e-01
-3.56952315e-01,-4.06794233e-03,-2.01702036e-01,-9.12077182e-01
4.48414121e-01,5.49082940e-01,-4.65746815e-01,5.29634407e-01
-4.83702756e-01,5.43747053e-01,2.25934015e-01,6.47552783e-01
-1.28365245e-01,-2.48882064e-01,2.27757800e-02,9.59719410e-01
-6.35229789e-01,5.03135043e-01,5.53194502e-01,1.93168545e-01
-4.21080273e-01,1.00692501e-01,-2.65940607e-01,8.61294385e-01
-1.85512410e-01,-5.00985907e-01,6.15487023e-01,5.79460086e-01
-4.00434968e-01,-6.65816335e-01,6.13607806e-01,-1.40804495e-01
-4.32373583e-01,2.95053241e-01,-8.51981682e-01,-1.11302989e-02
-3.00625434e-01,2.88246108e-01,1.74970530e-01,8.92145640e-01
-7.78712946e-01,-4.17874966e-01,-4.51758755e-01,1.22068373e-01
-7.48522493e-01,4.83656739e-01,3.63134901e-01,2.71888360e-01
-2.88925456e-01,-4.54573835e-01,4.20373137e-01,7.30185685e-01
3.01947806e-01,-6.92273224e-01,-9.07563578e-02,6.49113696e-01
1.84037901e-01,-8.53670916e-01,-3.39493857e-02,4.86028248e-01
-5.11244964e-01,-7.81450695e-02,-6.19666231e-01,-5.90369120e-01
3.91852616e-01,8.44934348e-01,-3.15138495e-01,1.82277821e-01
-3.43825791e-01,2.13392225e-01,8.00350010e-01,4.42365737e-01
7.59770494e-01,6.42803865e-01,5.44577962e-02,8.11562450e-02
-6.10187416e-01,2.35506557e-01,6.95961291e-01,2.96388025e-01
6.79756046e-01,-5.36252631e-01,1.84556714e-01,4.65084564e-01
-5.16757561e-01,1.11963952e-01,8.43443209e-01,9.50223642e-02
3.26996474e-01,-4.50119754e-01,7.84347239e-01,-2.74344532e-01
-5.39779159e-01,2.37353284e-01,7.30516669e-01,3.44452137e-01
-1.98090436e-01,4.26712481e-01,-7.96017157e-01,3.80832408e-01
5.30536519e-01,2.27714377e-01,-4.41844451e-02,8.15306629e-01
-9.30004397e-01,3.19978793e-01,1.70841838e-01,5.93166165e-02
-7.93437290e-01,4.30316965e-01,-4.29433765e-01,-2.95164045e-02
-4.30849081e-01,1.99527856e-01,8.22624376e-01,3.12804795e-01
6.31136395e-01,3.23130769e-03,-7.73776690e-01,5.40929145e-02
5.05933746e-01,3.09057197e-01,-4.88887047e-01,-6.39925112e-01
4.68582948e-01,-4.15945717e-01,-2.73378614e-01,7.29851570e-01
4.47907139e-02,-1.46500628e-01,8.64100288e-01,4.79439309e-01
-4.89519139e-01,-1.21207856e-01,5.39837972e-01,-6.73984148e-01
-5.59921103e-01,4.64621106e-01,-5.14869820e-02,6.84079437e-01
-3.58751950e-01,6.62110884e-01,4.98024535e-01,4.29974160e-01
-5.90813512e-01,3.75863328e-01,-7.03958899e-01,-1.18777188e-01
-3.77116341e-01,5.48379388e-01,5.27967387e-01,5.27554500e-01
-5.23865068e-01,-4.84661604e-01,-4.89332370e-01,5.01220861e-01
-7.36593576e-01,-5.22881292e-01,-2.90823709e-01,3.15351595e-01
-6.14661145e-01,7.72799761e-02,-2.50875232e-03,7.84992477e-01
2.11919569e-01,2.49737286e-01,4.42074696e-01,-8.35039728e-01
-7.23344480e-01,-3.12326249e-01,5.34943944e-01,3.05057460e-01
-6.92385676e-01,-4.38618556e-01,4.86315102e-01,-3.02842301e-01
7.60931361e-01,-3.90146909e-01,-4.92640897e-01,1.61473839e-01
-5.14097415e-01,5.55641726e-01,2.05069543e-01,6.20413251e-01
6.24611328e-01,-7.04578083e-01,-2.61347605e-01,2.12433150e-01
3.11624344e-01,-8.65173875e-01,2.10510420e-01,3.31737544e-01
-1.81011341e-01,-4.65136471e-01,6.85248543e-01,5.30393621e-01
6.32133191e-01,3.16582273e-01,6.32301873e-01,-3.16824297e-01
3.05647861e-01,-1.10738975e-01,6.24712554e-01,7.09965133e-01
-6.13945723e-03,8.19287582e-01,3.02314646e-01,4.87171449e-01
2.30215666e-01,-7.76259178e-01,-4.33124583e-01,-3.96012033e-01
-6.64791569e-01,-2.52075140e-01,5.17251086e-01,-4.76404878e-01
4.99689774e-01,-1.67688463e-01,-5.69153626e-01,6.31074369e-01
6.86706623e-01,-4.57696088e-02,4.39035572e-03,7.25479071e-01
-7.70531467e-01,-8.68188569e-02,5.77875566e-01,-2.54565461e-01
1.25971996e-01,1.67733894e-01,-9.53678136e-01,-2.15625625e-01
-2.68424512e-01,5.86743517e-01,-6.64683165e-01,3.76665124e-01
-2.79854625e-01,8.07755951e-01,-4.54119986e-01,-2.50971613e-01
-1.40497787e-01,-2.00952310e-01,-9.69319549e-01,1.72670840e-02
4.43759504e-01,-4.45678115e-01,-7.74035647e-01,7.29200738e-02
8.81345118e-02,-2.27724402e-02,9.34600352e-01,-3.43854485e-01
-2.53600195e-01,5.17413613e-01,7.90725813e-01,2.06694902e-01
3.43497096e-01,-5.87103562e-01,7.00699023e-01,-2.15267349e-01
-5.42226031e-01,5.56933033e-01,-5.05074596e-01,-3.75121555e-01
-1.45628314e-01,-6.70005936e-01,4.43335104e-01,5.77354679e-01
-9.60708686e-01,1.36520264e-02,3.87111399e-02,-2.74506631e-01
-7.25868711e-02,2.21428077e-01,3.61182773e-01,9.02910714e-01
-1.76152821e-01,6.69689389e-01,4.10366084e-01,5.93368337e-01
8.67953067e-01,2.45884512e-01,4.69502686e-02,4.28945163e-01
-5.21808805e-01,-2.49368679e-02,-3.27695709e-01,7.87216137e-01
6.84449585e-01,-1.06788738e-01,-2.71556259e-01,-6.68118350e-01
1.74065860e-01,9.83484839e-01,4.11125728e-02,2.77201086e-02
-5.44161716e-01,-3.73905057e-01,-6.42253021e-01,3.89350859e-01
5.88019283e-01,3.87779095e-01,6.31102849e-01,3.24915204e-01
4.29176054e-01,7.17380315e-01,5.39293164e-01,-1.01667506e-01
1.95715047e-01,7.82216488e-02,9.72606426e-01,9.80496542e-02
8.65501220e-01,1.27247157e-01,4.04810715e-01,2.66165520e-01
4.44547532e-01,5.11963194e-01,-5.79857365e-01,-4.51704125e-01
8.26230978e-01,1.53971897e-01,2.08424628e-01,5.00194163e-01
5.84619298e-01,2.70694691e-01,4.91419879e-01,-5.86047065e-01
-6.70241327e-01,2.66488222e-01,6.39034264e-01,2.67199927e-01
-3.80466141e-01,4.82432396e-01,-8.78685703e-02,7.84081382e-01
2.62950820e-01,7.20440840e-01,8.21066656e-02,6.36459235e-01
7.59499262e-02,-7.68978722e-01,-1.70311251e-01,6.11471513e-01
-7.02184006e-01,-6.32715610e-01,-2.84294936e-01,-1.60576983e-01
2.14124117e-01,4.60536700e-01,6.54947515e-01,5.59553897e-01
6.80961829e-01,2.91933093e-01,6.32061543e-01,-2.27077658e-01
7.74636076e-01,2.53548593e-01,5.78425519e-01,3.28021135e-02
-3.75454764e-01,4.27215738e-01,-2.10320440e-01,7.95163974e-01
-6.51125462e-02,-7.71253731e-01,-6.17306383e-01,1.40928596e-01
7.58634986e-01,-1.02925786e-01,-4.62407990e-01,4.47278538e-01
5.43012435e-01,5.19945761e-01,5.65783159e-01,-3.38649255e-01
-3.30228810e-01,5.64752825e-01,-2.41154390e-02,7.55924352e-01
-9.47553165e-01,-1.49718268e-01,-1.49976580e-01,2.39237259e-01
-6.19666210e-01,-6.27290598e-01,1.93860396e-01,4.30044697e-01
1.32311445e-01,-7.80922087e-01,-1.28556637e-01,-5.96764247e-01
5.81575276e-01,2.26827141e-01,6.95510875e-01,-3.55786831e-01
2.48107292e-01,-8.49582435e-01,4.57629699e-01,8.50148040e-02
-4.88991512e-01,5.55767967e-01,-5.69703304e-01,-3.56997778e-01
-6.79147339e-01,-2.72891929e-01,-4.88607261e-01,4.74922974e-01
-5.10975656e-02,-8.12798087e-01,1.77808869e-01,5.52387830e-01
6.04932501e-02,-4.46690556e-01,3.71487054e-01,8.11668333e-01
-2.92596293e-01,-6.58809408e-01,3.13658584e-01,6.18041962e-01
-1.54739787e-01,9.61805495e-01,-1.75286004e-01,1.42339750e-01
-3.30633750e-01,6.09359581e-01,-5.73969638e-02,7.18378600e-01
-1.93551080e-01,5.41334284e-01,-2.26931257e-01,-7.86128092e-01
7.55506920e-02,-5.31605132e-01,-5.03724143e-01,6.76720078e-01
5.02323788e-02,-5.02158041e-01,-9.64221263e-02,8.57914205e-01
-6.62657315e-01,-4.82734694e-01,4.31936842e-01,3.75876393e-01
2.20616426e-01,9.55900669e-02,3.28628037e-01,9.13342512e-01
-5.26480616e-01,1.20255232e-01,-9.10053395e-02,8.36704768e-01
-3.41914826e-01,4.08893489e-01,-8.38386063e-01,-1.14057777e-01
8.26243993e-01,-5.27830427e-01,-1.84348287e-01,-6.87867252e-02
4.82966575e-01,6.66506161e-01,3.03797833e-01,4.79812151e-01
-1.14220769e-01,-9.05074891e-01,2.01911317e-01,-3.56405496e-01
4.15651361e-01,-3.83018094e-01,7.59642061e-01,-3.21675341e-01
3.39941592e-01,7.58119126e-01,-8.14054480e-02,5.50516356e-01
-6.23504194e-01,-3.58284573e-01,6.20993499e-01,-3.11836110e-01
-5.13087929e-01,3.74730116e-01,-5.34064142e-01,-5.57757662e-01
4.63170123e-01,3.72707053e-01,3.65547232e-01,7.16196978e-01
-9.38604523e-01,4.45683920e-02,2.69193912e-01,-2.11115715e-01
1.51370911e-01,9.12437950e-03,-8.87813395e-01,-4.34500827e-01
-1.62933400e-01,8.96481255e-02,4.56816325e-01,8.69905033e-01
-2.12696611e-01,-7.37788801e-01,-1.37621828e-01,6.25690074e-01
2.33193242e-01,-3.56541871e-01,2.30529043e-01,8.74845796e-01
7.92429600e-02,-5.17709033e-01,7.83698732e-01,3.33937432e-01
6.71961939e-01,-1.94358834e-01,6.81557259e-01,2.14875544e-01
-1.39565322e-02,-3.50157500e-01,9.27757941e-01,1.28297086e-01
-2.57526381e-01,-3.30631829e-01,-7.88832398e-01,-4.49562236e-01
-9.58557418e-01,-2.77085166e-01,-2.48437618e-02,-6.14351337e-02
6.55454586e-01,-2.54257567e-01,-6.65803582e-01,-2.49875901e-01
2.16778577e-01,-8.42396543e-01,-2.01240725e-01,4.50419009e-01
-5.87250469e-01,-1.15790318e-01,7.82661323e-01,1.70794444e-01
-3.77962354e-01,7.73649956e-01,-3.02845816e-01,4.08527376e-01
4.97077559e-02,4.81542155e-01,-8.21037579e-01,3.02561704e-01
-7.51206424e-01,-5.82778544e-01,-2.02688388e-01,-2.34468538e-01
-6.15140500e-01,1.09132210e-03,-6.98271056e-01,-3.66085381e-01
-1.06683485e-01,6.47098051e-01,6.19513197e-01,4.31377033e-01
2.14529094e-01,4.90343426e-01,-5.32729240e-01,6.55545688e-01
-8.41657711e-01,1.31592569e-01,-1.80145058e-01,4.91775813e-01
1.87932001e-01,4.58232559e-01,-5.86237916e-01,6.41115894e-01
4.89048270e-01,5.27750632e-01,-3.24874558e-01,6.13813963e-01
1.29630022e-01,-7.55455250e-01,4.18882617e-01,4.86847795e-01
-5.12104607e-01,-4.84779921e-01,3.07350632e-02,7.08373246e-01
-5.33351179e-01,4.84185720e-01,-6.87180420e-01,-9.42537997e-02
4.07472931e-02,-5.58361545e-01,3.29943128e-01,7.60072086e-01
2.06652639e-01,-4.31654239e-01,-8.45561321e-01,2.36633383e-01
-5.63603292e-01,6.51190788e-02,-6.67741892e-01,-4.81904141e-01
5.77174983e-01,2.03619896e-01,4.22734061e-01,-6.68359103e-01
6.64131209e-01,-6.85050112e-01,-1.28530515e-01,2.70399681e-01
2.53184372e-01,6.42897679e-01,2.01742530e-01,6.94175914e-01
-5.54430660e-01,1.79801313e-01,7.86714318e-01,-2.03368418e-01
-8.74091109e-01,-3.70237149e-01,6.99514542e-02,3.06587638e-01
-2.89885030e-01,5.40459243e-01,7.84220096e-01,-9.41770483e-02
5.41506872e-01,1.52514269e-01,2.34842772e-01,7.92690720e-01
-7.16209278e-01,5.81341311e-01,1.61720372e-01,3.50618129e-01
-8.65523012e-01,3.19793155e-01,3.27479204e-01,2.03370659e-01
7.50479696e-01,-1.64467836e-01,-5.87917600e-01,-2.53147097e-01
-3.79358279e-01,-5.14001236e-01,-5.19673933e-01,5.67299770e-01
-9.63449368e-02,-2.24981525e-01,3.91764071e-01,8.86917064e-01
4.79651895e-02,7.93545249e-01,-7.50821588e-02,6.01953443e-01
-9.41611693e-01,3.31068848e-01,5.72313679e-02,2.20319749e-02
-5.18547355e-01,2.48355386e-01,-1.62225662e-01,-8.01942066e-01
-2.76339964e-01,1.43770176e-01,-7.49713545e-01,5.83862965e-01
1.15833313e-01,4.47835577e-01,-6.50187307e-01,6.02729131e-01
-8.85015011e-01,-3.47708294e-01,-2.22438345e-01,-2.15333588e-01
6.13654931e-01,-4.47870771e-01,5.26485288e-01,3.81644653e-01
-3.92011149e-02,-9.11402691e-01,-7.48429719e-02,4.02749224e-01
4.69176341e-01,8.52598197e-01,1.59614788e-01,1.65749795e-01
-8.20533259e-02,-2.93018331e-01,-5.30448887e-01,7.91221516e-01
2.57183572e-01,9.21453219e-01,1.80619557e-01,2.28379401e-01
-7.27922382e-02,5.02700111e-01,-7.43430987e-01,4.35091089e-01
8.48775297e-01,1.47540600e-01,-8.25754133e-02,5.00992583e-01
2.60936401e-01,5.39133985e-01,5.25326454e-01,6.04383039e-01
-3.22656854e-01,-6.38753464e-01,-4.15567975e-01,5.61417692e-01
3.10209620e-01,-5.88624908e-01,-3.16488668e-01,-6.76110666e-01
4.48888128e-01,7.45220379e-02,-4.63495158e-01,7.60340814e-01
-4.70647027e-01,6.79230390e-01,-3.16091238e-01,4.66072722e-01
1.47834216e-01,4.85352294e-01,-8.53661851e-01,1.17641994e-01
1.97173185e-01,2.41820480e-01,4.36456272e-01,-8.43890700e-01
-7.44240541e-01,3.44517600e-01,4.26517653e-01,3.81439815e-01
-3.69256331e-01,7.95543084e-01,-3.73634104e-01,3.01924694e-01
-2.23560667e-01,-5.66988305e-01,-1.96758988e-01,7.68004421e-01
-1.93526492e-01,-5.30472612e-01,-4.80919613e-01,6.70717996e-01
-4.86634211e-01,-5.35848132e-01,-6.35870142e-01,2.67811663e-01
-1.61032508e-01,-3.65122890e-01,-8.63959215e-01,3.07129096e-01
-6.90918607e-01,-3.61515965e-01,-6.22476157e-01,-6.67916197e-02
-4.92521446e-01,7.84830495e-01,-3.73622199e-01,4.32454901e-02
-9.05437872e-01,-4.19066245e-01,-5.09607644e-02,4.43705175e-02
-3.82551254e-01,-6.50595686e-01,-2.54718681e-02,6.55538691e-01
1.01731939e-01,8.43753074e-04,4.72009283e-01,8.75703795e-01
-1.03900749e-01,-9.33827955e-01,3.31311749e-01,8.60378426e-02
8.05452594e-01,1.87912129e-01,-4.30094793e-01,3.61875143e-01
1.06242806e-01,-7.34927393e-01,-5.19294844e-02,6.67755586e-01
-5.08132104e-01,-2.97926628e-01,6.58787296e-01,-4.68017937e-01
1.84616544e-01,7.66865206e-01,5.50033991e-01,2.74403164e-01
-4.71658418e-01,9.55347234e-02,4.60992856e-01,7.45585032e-01
-9.73901397e-01,2.13814386e-01,2.60069267e-02,-7.15759464e-02
8.18113489e-01,-2.85669743e-01,-4.93821525e-01,7.22732285e-02
6.96683255e-01,-4.26648941e-01,-5.71525109e-01,7.72151138e-02
6.57929368e-01,2.73733374e-01,-7.34518089e-02,6.97713278e-01
-1.56753779e-01,4.77495612e-01,-4.79888133e-01,7.19119999e-01
8.55927401e-01,2.37168529e-01,-3.22314687e-01,3.27494451e-01
-2.17627237e-01,-5.81854068e-01,5.86139226e-01,5.20120214e-01
-3.09155836e-01,7.21871950e-01,5.69395901e-01,-2.43129317e-01
5.73454644e-01,-3.85132789e-01,6.09631403e-01,3.88808511e-01
-1.16859389e-01,-6.50508328e-01,-7.40884540e-01,-1.19469227e-01
-9.67443974e-01,4.58841021e-02,2.10051622e-01,1.33510758e-01
5.57208901e-02,3.53237199e-01,-3.17319972e-01,8.78309000e-01
-3.07917707e-01,-4.29780042e-01,-8.19246498e-01,2.22060751e-01
-6.25839376e-01,-7.06016633e-02,7.11133356e-01,-3.12457727e-01
-6.62439118e-01,-4.52772465e-01,-5.96546824e-01,-1.74182911e-02
-6.50154419e-01,1.09919853e-01,-7.19258868e-01,-2.18823074e-01
7.96471506e-01,-2.29638739e-01,5.37006210e-01,1.56599874e-01
-6.81172017e-02,-4.34666453e-01,-3.86625962e-01,8.10521737e-01
-6.03305002e-01,8.18886787e-02,4.43755725e-01,-6.57569902e-01
8.22562325e-02,-4.35466591e-02,9.53285350e-02,9.91085300e-01
-2.55384801e-02,3.49750159e-01,-6.80368318e-01,6.43522777e-01
-6.13879471e-01,-6.65696423e-01,3.03198097e-01,-2.96767893e-01
3.73934235e-01,6.02231168e-01,3.76522861e-01,-5.96423795e-01
2.81835402e-01,3.75428783e-01,6.41488840e-01,6.06724074e-01
6.10983749e-01,-4.99047978e-01,4.44862717e-01,4.23965962e-01
7.79119591e-02,-5.39331352e-02,-1.04047880e-01,9.90047970e-01
-1.67145041e-01,1.23514663e-01,1.14228468e-02,9.78098248e-01
-8.92470247e-01,2.86310545e-01,-3.47559679e-01,-2.69332538e-02
3.25099684e-01,-6.78012623e-01,-1.78120521e-02,6.59008201e-01
-2.86749388e-02,-5.75521479e-01,-6.35209360e-01,5.14258538e-01
7.48764527e-01,-1.42008201e-01,6.17754088e-01,1.93817547e-01
-5.61172966e-01,4.71935612e-01,4.45262730e-01,5.13909312e-01
4.21596643e-01,-4.30951244e-01,-3.16932306e-01,-7.32182497e-01
7.92464987e-01,7.35642397e-02,-3.61082844e-01,-4.86011036e-01
-9.19638140e-01,9.57130769e-02,1.35654951e-02,3.80684483e-01
6.00935805e-01,-2.86968399e-01,7.30525611e-01,-1.51187396e-01
2.48950576e-01,-7.08327899e-01,4.60908556e-01,4.73136873e-01
3.55767581e-01,9.23126934e-01,-1.04747439e-01,1.01459678e-01
-2.26607250e-01,7.81967660e-01,-1.38844607e-01,5.63824360e-01
-4.34041351e-01,8.09620621e-02,-6.85638296e-01,5.78751568e-01
6.49574240e-01,3.34745578e-01,6.21404152e-01,-2.82587304e-01
-4.20208840e-01,5.62177537e-01,7.09996036e-01,5.73286734e-02
-7.66332067e-01,-3.15626743e-01,-4.46052094e-01,-3.37864548e-01
5.23828379e-01,3.78881748e-01,-6.93277541e-01,-3.18463030e-01
-6.28276184e-01,-2.92394907e-01,-6.34843308e-01,3.41684400e-01
-7.03560850e-01,-1.17669578e-01,-6.65982611e-01,-2.18227320e-01
-6.84885706e-01,-1.51464515e-01,7.00656013e-01,1.30656883e-01
3.47122070e-01,-2.50138673e-01,-3.05875884e-01,8.50515641e-01
-1.83257438e-01,9.68597353e-01,-1.49978152e-01,7.57788424e-02
-3.87519056e-02,-7.27850661e-01,-6.43189402e-03,6.84609623e-01
-8.78558214e-01,-7.66467391e-02,4.71438202e-01,2.60093139e-03
6.84197825e-01,5.31072575e-01,1.53257429e-01,4.75759832e-01
-4.47183198e-01,-5.04320118e-01,-1.75947881e-02,7.38497684e-01
2.71913410e-01,8.85919106e-01,-3.45737563e-01,1.47227622e-01
2.80376584e-01,-6.24875927e-01,2.17902411e-01,6.95296761e-01
2.35480541e-01,7.33759364e-01,-9.33439388e-02,6.30422889e-01
-3.36058663e-01,-6.93277796e-01,-4.72711967e-01,4.27754450e-01
4.94932765e-02,-6.74205340e-01,8.88500947e-02,7.31507509e-01
6.70351864e-01,-4.58451561e-01,5.79138780e-01,7.10550253e-02
-5.91873336e-01,3.27874396e-01,6.49322386e-01,3.47224384e-01
1.58649811e-01,8.59579463e-01,4.45589707e-01,1.93399061e-01
-5.77599767e-01,1.17695657e-01,7.46622987e-01,3.08351028e-01
-2.74144630e-01,-4.72655200e-01,2.96334526e-01,7.83343879e-01
-5.94070943e-02,-2.73833949e-01,4.06283000e-01,8.69724031e-01
4.02289707e-01,6.27447522e-01,-2.80987943e-01,6.04581156e-01
5.48378392e-01,8.93562846e-02,8.19751713e-01,-1.38937835e-01
-9.33736831e-01,-2.02760704e-02,-5.72136923e-02,3.52776139e-01
8.78320885e-02,2.13831298e-01,-7.40027369e-01,6.31602084e-01
-3.93828909e-01,4.22655856e-02,-7.02496071e-01,-5.91279697e-01
-2.98613592e-01,-1.79531715e-01,-4.92079839e-01,-7.97781749e-01
4.07483694e-01,3.98846529e-01,5.19493962e-01,-6.36399646e-01
-2.65182417e-01,-9.13937730e-01,-6.54540335e-02,3.00186410e-01
-3.76114135e-01,8.49897103e-01,-3.65010387e-01,-5.45938618e-02
-7.40456393e-01,-6.33201239e-01,-2.19672569e-01,5.02442420e-02
-4.24409480e-01,-2.32303813e-01,-5.72135234e-01,6.62248296e-01
-4.92390461e-01,-5.12213676e-01,-4.93456159e-01,5.01686957e-01
-2.12709707e-01,6.56627349e-01,-4.87619558e-01,5.34623486e-01
-3.86887414e-01,-5.70500306e-01,3.69454440e-01,-6.23178102e-01
-2.82538270e-01,-5.39250087e-01,-2.51440192e-01,7.52435579e-01
-1.40735195e-01,-4.76143213e-01,-3.19046737e-01,8.07273451e-01
2.39509585e-01,1.37491780e-01,-7.86989801e-01,-5.51704832e-01
4.60743275e-02,4.63527592e-01,-7.77414489e-01,4.22665399e-01
-5.60106574e-01,3.87399553e-01,-3.92966814e-01,-6.17882913e-01
-6.78135434e-01,2.05039205e-01,7.04833358e-01,3.60720770e-02
3.38945631e-01,4.46376255e-02,-5.12062178e-01,-7.87982022e-01
-2.34496074e-01,-8.00472016e-01,1.53007839e-01,5.29947869e-01
7.06439134e-01,3.42111494e-01,6.19380680e-01,-1.64635496e-02
3.44871208e-01,3.35094307e-01,-8.43195171e-01,-2.40411231e-01
-6.55595833e-01,-2.63874860e-01,-6.72276183e-01,2.20474251e-01
1.43520021e-02,-5.86115921e-01,1.61051921e-01,7.93929736e-01
8.50888411e-01,-4.39877738e-01,5.67149407e-02,2.81566871e-01
-4.11902161e-02,-5.72113486e-01,-1.31001704e-01,8.08596363e-01
-6.38908937e-01,3.98660464e-01,5.26737396e-01,3.94224454e-01
7.37556213e-01,-4.35029013e-01,3.25592280e-01,4.00936724e-01
-7.10278386e-01,3.02068296e-01,-2.20766068e-01,5.96256406e-01
-4.80582996e-01,3.89392082e-01,-7.74534532e-01,-1.32325543e-01
-4.32310981e-02,-7.85404701e-01,2.16065217e-01,5.78434395e-01
3.56896942e-01,6.76433325e-01,4.14396373e-01,-4.93293194e-01
2.87143614e-02,7.48439166e-01,-2.87425138e-01,5.96993375e-01
2.94463822e-01,5.38140668e-01,4.01514574e-01,6.80060090e-01
-1.18028729e-01,-6.01126500e-01,7.64163784e-01,2.01915481e-01
2.04045191e-02,2.34459723e-01,8.36713587e-01,4.94492334e-01
-5.90126311e-01,-3.95009418e-01,-5.99918499e-02,7.01512277e-01
3.95895623e-01,1.88944114e-01,6.46318915e-01,-6.24370594e-01
4.52885631e-01,-1.75331310e-01,4.58587107e-01,7.44211933e-01
7.11155881e-01,-3.64785982e-01,-2.00426397e-01,5.66584291e-01
-6.75783479e-01,1.65162945e-01,6.97264157e-01,1.72802161e-01
2.82227989e-01,-2.75913016e-01,-8.23283109e-01,4.07951336e-01
3.39121817e-01,5.85216639e-01,-6.89512693e-01,2.59017614e-01
6.33446016e-01,5.27100938e-02,-7.69333055e-01,-6.39878279e-02
-1.63229688e-01,-9.19850074e-02,5.05193421e-02,9.80990634e-01
-1.97635601e-01,-9.28974420e-01,2.01892376e-01,2.39136290e-01
-6.99040233e-01,1.71589287e-02,7.14835666e-01,-7.63513888e-03
6.43974755e-01,-2.60489302e-01,-6.35050877e-01,-3.37864207e-01
2.95491891e-02,-3.25644422e-01,-2.68499087e-01,9.06085424e-01
-5.91139668e-01,-5.98662524e-01,-2.36815232e-01,4.85876138e-01
5.12348084e-01,-6.78734530e-01,-1.81003546e-01,4.94020845e-01
5.79226345e-01,3.99069250e-01,-5.95716953e-01,3.87765248e-01
-3.49019194e-01,-3.17245431e-01,7.64700601e-01,4.39060280e-01
2.63305026e-01,-6.01935003e-01,-7.07182976e-01,2.61222039e-01
7.79907867e-01,2.96800981e-02,-5.50363053e-01,2.96586108e-01
3.84641715e-01,3.58950139e-01,-8.22520209e-01,2.16023274e-01
2.89848917e-01,-8.46575068e-01,-3.85732020e-01,2.24742227e-01
6.06530045e-01,-4.09019472e-01,-5.04471738e-01,4.58620367e-01
-8.19911881e-01,-5.01610186e-01,-2.72365010e-01,4.41478187e-02
7.48419981e-01,-1.03097389e-01,-5.88710716e-01,2.87503311e-01
1.80440830e-01,7.58583134e-01,-2.72101729e-01,5.63873554e-01
-5.17944674e-01,-3.88761834e-02,-8.52407791e-01,-6.01906605e-02
-7.55109350e-01,-2.02227470e-01,-5.74480870e-01,2.42663656e-01
9.52358793e-02,1.00203077e-01,-9.56681045e-01,-2.56224214e-01
-5.35591799e-01,-3.45069239e-02,7.99228720e-01,2.70525693e-01
-7.63406439e-01,3.89885802e-01,-8.29505366e-03,5.14908597e-01
3.48851900e-01,-3.79466337e-01,-8.54608288e-01,-6.28675185e-02
-4.63688077e-01,6.18132807e-01,4.09599606e-01,4.84905520e-01
7.37849234e-01,5.57101112e-01,-3.41416364e-01,-1.69268203e-01
8.39906392e-01,-2.16641708e-01,-1.73445579e-01,4.66412108e-01
-2.18571561e-01,-3.22444411e-01,2.09373301e-01,8.96894027e-01
5.75960694e-01,-4.09573681e-01,-7.00649876e-01,-9.80225999e-02
4.06757066e-01,5.76418416e-01,-4.08720524e-01,5.78997438e-01
-2.84802431e-01,6.12651844e-02,-6.83926667e-01,6.68863563e-01
-3.35831327e-01,8.75086425e-01,3.04416322e-01,1.69622434e-01
5.15002417e-01,8.38327708e-01,1.16379676e-01,1.35775309e-01
-7.12642840e-01,-6.21003627e-01,2.67631167e-01,1.86730386e-01
-6.00675165e-01,-6.26015815e-02,-7.57087908e-01,2.49175214e-01
1.05234023e-01,3.56228335e-01,-6.23808518e-01,6.87670056e-01
-7.66937407e-01,1.84584779e-01,6.14579062e-01,-5.29616510e-03
-7.00726554e-01,4.82588107e-02,-7.11323577e-01,-2.59258968e-02
2.53116201e-01,-3.85613096e-01,7.89230113e-01,4.05401723e-01
4.29714425e-01,5.07167823e-01,7.40634838e-01,9.79099062e-02
5.77255865e-01,1.62263710e-01,-7.66602584e-01,2.29709889e-01
-3.77285718e-01,-5.01186402e-01,3.55337042e-01,6.92967000e-01
4.40998723e-01,5.70714348e-01,6.80268519e-01,1.30537356e-01
5.44337879e-01,1.20783036e-01,5.84705390e-01,5.89259993e-01
-7.59850702e-02,1.00667758e-01,8.35606752e-01,5.34652810e-01
1.50725342e-01,8.34080353e-02,4.42442408e-02,9.84056613e-01
1.07869108e-01,2.05906456e-01,1.36288473e-01,9.63012066e-01
-7.63391240e-01,5.20821939e-01,3.80195320e-01,3.78132338e-02
3.64051039e-01,-5.08057427e-01,4.40527198e-01,6.44422439e-01
9.12169282e-01,-3.81090019e-01,6.52148558e-02,-1.35884590e-01
3.13147978e-01,-2.02175963e-01,7.54779771e-01,5.39787663e-01
-4.89026034e-01,-5.28829807e-01,-5.54272367e-01,4.17102764e-01
2.17413841e-01,9.20628754e-01,-2.31398051e-01,2.27219852e-01
8.39792164e-01,-1.30687446e-01,-5.25434711e-01,-3.98531935e-02
-2.73309149e-01,9.80905307e-02,7.99671874e-01,5.25552330e-01
2.94557834e-01,9.36237588e-01,1.74847114e-01,-7.82518263e-02
4.61066224e-01,-5.32240880e-01,-7.01139385e-01,1.11987253e-01
9.57609327e-01,-8.37104629e-02,5.58004662e-02,-2.69931924e-01
-5.96827054e-01,7.92593954e-01,-1.16631892e-01,-4.46015028e-02
-5.47531969e-01,5.25618016e-01,-1.83470274e-01,6.24718419e-01
9.34425361e-01,-2.97808466e-01,1.95274522e-01,5.21764630e-03
-1.08097567e-02,-9.51578195e-01,3.06532529e-01,2.04913738e-02
-1.75933143e-01,6.52769027e-01,-2.80110010e-01,6.81526602e-01
6.86680402e-01,2.53942890e-01,-5.00958357e-01,4.61544969e-01
2.04716286e-01,-7.22244573e-01,6.05621249e-01,2.63963864e-01
-1.02426260e-01,-2.73544333e-01,-4.49362447e-01,8.44248631e-01
-9.60408726e-01,-5.15903313e-02,-2.68552512e-01,-5.32265506e-02
1.19028187e-01,3.07796746e-01,5.30474479e-01,7.80826665e-01
6.76564325e-02,7.09435859e-01,-6.34874444e-02,6.98636325e-01
-6.31252845e-01,-2.47171147e-01,5.58055794e-01,-4.78539444e-01
-6.23433227e-01,-4.10453947e-01,-3.69222712e-01,5.53654367e-01
5.33383008e-01,-4.91700158e-01,4.72199772e-01,5.00760319e-01
-1.96336252e-01,7.25141190e-01,-1.50671622e-01,6.42588821e-01
1.71551588e-01,-6.62882552e-01,-7.16995244e-01,-1.30669794e-01
4.45753931e-01,6.96353990e-02,7.00294406e-01,-5.53210709e-01
3.68946072e-01,6.83161394e-01,-5.28764291e-01,3.42895947e-01
-7.13043780e-01,-2.72580503e-01,-5.37664837e-01,3.58029273e-01
-5.18355916e-01,-7.19248995e-01,3.61157133e-01,-2.89056316e-01
6.29453520e-01,4.86421078e-01,6.04472572e-01,-4.23758239e-02
2.63350015e-01,-3.49947482e-01,-8.97601524e-01,4.99503059e-02
1.45085395e-01,1.17935423e-01,2.60927649e-01,9.47078786e-01
-9.63615645e-01,-2.21474263e-01,-7.64519472e-02,-1.28643461e-01
6.78596032e-01,-4.43693214e-01,-5.60929718e-01,-1.67336811e-01
3.36338974e-01,-7.47468233e-01,-7.37183742e-02,5.68095886e-01
1.94518608e-02,2.52000734e-01,9.57601801e-01,1.38260789e-01
6.05887541e-01,-5.72515290e-01,3.88927084e-01,3.92252793e-01
5.31625374e-01,-1.20380848e-01,5.90870104e-01,-5.94773430e-01
-2.19773399e-01,8.82538079e-01,-2.03888314e-01,3.62292352e-01
-1.23770320e-01,-1.12131077e-02,8.60239238e-01,-4.94513526e-01
-8.09138343e-03,-2.96247124e-01,6.50412532e-01,6.99382377e-01
6.12474353e-01,-1.67295005e-01,-7.72387010e-01,1.74887109e-02
3.24955383e-01,5.70578435e-01,7.31285391e-01,-1.84569567e-01
-2.81008678e-01,-7.00856883e-01,-3.22452737e-01,5.70839718e-01
-3.43370165e-01,3.92543407e-01,-5.29671159e-01,-6.68920822e-01
8.80944241e-01,-2.11407149e-01,4.22281626e-01,-3.03725213e-02
-4.34469547e-01,-4.08244292e-01,-3.24218095e-02,8.02198004e-01
8.01071147e-02,-6.96460277e-01,1.41844981e-01,6.98860454e-01
8.37926655e-01,6.56521586e-02,5.21312812e-01,-1.47653877e-01
2.94843038e-01,3.27645740e-01,2.64269816e-01,8.57832919e-01
1.51660628e-02,1.59213023e-02,-7.80322849e-01,6.24990203e-01
-4.61342119e-01,6.97595275e-02,-4.09247137e-01,7.84100656e-01
-9.38452552e-01,-6.55777404e-02,2.95741990e-01,1.65960972e-01
4.15699789e-01,7.30236958e-01,-4.31669886e-01,3.28037772e-01
7.06130020e-01,2.53365965e-02,-5.91054597e-01,-3.89092424e-01
-6.61753724e-01,-5.80112988e-02,3.44602167e-01,6.63299362e-01
9.51071549e-01,-2.15636085e-01,2.15638647e-01,4.96383081e-02
2.41456765e-01,-5.90791570e-01,-2.06082636e-01,-7.41750563e-01
-4.30925481e-02,-2.95662008e-01,7.79920124e-01,5.49956007e-01
-5.86466803e-01,-5.27482130e-01,-4.14853125e-01,4.53559452e-01
9.29563683e-01,1.14654411e-02,-3.00749950e-01,2.12906953e-01
6.51828580e-01,-3.48156272e-01,4.53290839e-01,4.98431668e-01
2.02553180e-02,6.33243999e-01,-7.73502253e-01,1.69122924e-02
6.97916121e-01,1.16198483e-01,-6.97506373e-01,1.13559939e-01
6.21411896e-01,4.62717580e-02,5.29554344e-01,5.75567874e-01
-7.38551631e-01,-9.70963202e-02,6.62404858e-01,-7.95838978e-02
-4.04046244e-01,-8.03507015e-01,4.30698061e-01,-7.49819272e-02
3.70040194e-01,-2.98906884e-01,7.60744787e-01,-4.41579323e-01
3.26592251e-02,-9.87708058e-01,-1.52752841e-01,5.72168501e-03
-3.85296657e-01,-2.27411814e-01,8.44562024e-01,2.94185896e-01
1.59443460e-01,-2.42181398e-01,9.18325070e-01,2.69453186e-01
2.40312759e-03,7.64053765e-01,4.30703671e-01,4.80323242e-01
-2.17062898e-01,7.74957700e-01,-4.50755166e-01,3.86191716e-01
5.66421929e-01,-7.87386413e-01,1.66039889e-01,1.77818981e-01
2.98239592e-01,5.63753754e-01,7.44614369e-01,1.96937279e-01
2.89437627e-02,7.81594006e-01,-1.24618685e-01,6.10527028e-01
-1.50634252e-01,3.83648960e-01,-6.36915976e-01,6.51506590e-01
-5.82011958e-01,-6.18288431e-01,-3.82998932e-01,3.63721479e-01
3.84564828e-01,6.26682071e-01,4.74006366e-01,4.84455817e-01
-8.93554842e-01,-2.38346453e-02,-1.24027975e-01,4.30823299e-01
-2.77825201e-01,6.04418744e-01,-7.42286595e-01,8.06334319e-02
1.60918203e-01,2.62252884e-01,8.20583886e-01,4.81633515e-01
6.40963211e-01,1.72324288e-01,-7.39099843e-01,-1.14899628e-01
-1.47299808e-01,5.07035226e-01,-7.91049936e-01,3.08962853e-01
6.60696841e-01,-6.61874876e-01,2.39291110e-01,2.61038496e-01
-4.52647036e-01,-6.19211215e-01,-1.04980349e-02,6.41543392e-01
3.66598640e-01,8.44758929e-01,3.79548631e-01,8.90540654e-02
-2.95382768e-01,4.53525582e-01,-2.99276845e-01,-7.85809733e-01
3.70344314e-01,-4.47969709e-01,7.63062394e-01,2.82672978e-01
6.92650152e-01,5.85725220e-02,7.15265400e-01,-7.21140278e-02
3.15109196e-01,2.66321521e-01,-6.98608772e-01,5.84572344e-01
-8.44290478e-01,6.00592464e-02,5.27721135e-01,7.12522246e-02
-6.66724455e-01,-2.89177689e-01,6.35413058e-01,-2.60969368e-01
9.26266435e-01,1.96412819e-01,-3.11482001e-01,8.01963703e-02
1.09243469e-01,6.44181395e-01,-6.09385634e-01,4.49160710e-01
-3.41088104e-03,-7.57192244e-01,5.95543679e-02,6.50462565e-01
-3.81359180e-01,-5.46367995e-01,-4.90482377e-01,5.61670924e-01
-7.54291792e-01,1.60718688e-01,5.84966104e-01,2.51053885e-01
3.96846990e-01,8.42955196e-01,-1.36427420e-01,3.36640109e-01
-5.82839059e-01,6.85057633e-01,-1.63332179e-01,4.05360667e-01
-9.51820880e-03,4.97097415e-01,-5.97252673e-01,6.29359046e-01
6.46382050e-01,-4.69310539e-03,-7.60926015e-01,5.62122794e-02
-2.48087095e-01,-7.49189776e-01,2.04846023e-01,5.78969412e-01
1.10805550e-01,5.72233509e-01,-8.04220950e-01,1.16187801e-01
3.04528990e-01,-7.59271591e-01,-2.28122531e-01,5.27947778e-01
4.97004258e-01,-4.44093330e-01,2.64872756e-01,6.96857449e-01
-5.71764837e-01,4.23370111e-01,6.41440771e-01,2.87047833e-01
7.63057382e-02,-8.62555263e-01,3.98788419e-01,3.01900066e-01
7.05132303e-02,5.70948503e-01,6.55232416e-01,4.89608183e-01
-6.48145771e-01,5.02340706e-01,2.67628337e-01,5.05901125e-01
-4.74033977e-01,-1.70872866e-01,-8.62698700e-01,-4.29558527e-02
2.30418286e-01,-7.98483319e-01,-1.83816039e-01,5.24922344e-01
7.69049242e-01,1.45106265e-01,-6.21841647e-01,-2.86426314e-02
5.77546575e-01,-6.82619884e-01,-4.38360523e-01,-9.11597507e-02
-5.68665405e-01,-3.21838555e-01,-7.12943612e-01,2.54462195e-01
-3.06981507e-01,2.50773631e-01,9.13854490e-01,8.80051754e-02
-5.98700561e-01,-7.59333571e-01,2.12025776e-01,-1.41475215e-01
-1.22541079e-01,-8.01961832e-01,2.59931901e-01,5.23713959e-01
-4.02958068e-01,-3.27378385e-01,8.44996201e-01,-1.28178037e-01
5.95278848e-01,-7.91154273e-01,-9.13287896e-02,1.06663314e-01
7.41394655e-01,7.94725179e-02,-6.63717912e-01,5.91322109e-02
8.03388714e-02,6.75242009e-01,-6.59821471e-02,7.30233012e-01
-3.51471533e-01,6.50482583e-02,4.47697985e-01,8.19635895e-01
-5.72758297e-01,7.87694295e-01,-1.54300678e-01,1.66363852e-01
5.74899104e-01,-7.21522444e-01,-9.57644855e-02,3.73798806e-01
3.60899077e-02,6.93117947e-01,-3.61929231e-01,6.22328098e-01
7.14686553e-01,-4.59465713e-01,-1.75940308e-01,4.97151283e-01
-7.27953568e-01,6.41696867e-01,6.88478451e-02,2.31449145e-01
5.98893402e-01,-3.37144511e-01,6.52691194e-01,3.18832993e-01
6.48391629e-02,6.58977840e-02,-6.55955895e-01,7.49116298e-01
-6.61841087e-01,-2.63471704e-01,6.79159867e-01,-1.76892375e-01
4.81974002e-02,-4.53020747e-01,-1.64787516e-01,8.74811001e-01
-6.26452035e-01,2.77545185e-01,3.56699664e-01,6.35052650e-01
2.57167899e-01,4.70065458e-02,-9.18690731e-01,-2.96078364e-01
-2.61907057e-01,1.68086733e-01,9.06791603e-01,2.84395028e-01
-1.29928392e-01,2.58689853e-01,-2.28283145e-01,9.29561713e-01
-3.90954146e-01,-6.72440232e-01,3.21659734e-02,6.27649855e-01
-2.22966883e-02,-4.17836414e-01,8.98500677e-01,1.32710669e-01
6.74637935e-01,-5.85462087e-01,3.93968520e-01,2.16533153e-01
5.59443543e-01,-3.46842090e-01,-4.58976861e-01,-5.96710757e-01
2.60091192e-01,7.00815776e-01,-2.09873530e-01,6.30208632e-01
-6.33157730e-01,2.78521319e-02,6.55204662e-01,4.11147661e-01
3.70024203e-01,6.23757501e-01,-3.92372561e-01,5.65731776e-01
2.97930693e-01,6.60495847e-01,5.40870003e-01,4.27132507e-01
-5.08151894e-01,7.21434891e-01,-4.25634097e-01,-2.00372070e-01
3.27100700e-01,2.80854612e-01,-4.63144567e-01,7.74353233e-01
-1.79909085e-01,5.05014968e-01,-8.41608569e-01,-6.54799212e-02
2.14227362e-03,-1.27610798e-01,-9.84071109e-01,1.23753575e-01
6.18724006e-01,3.85807236e-01,-6.69407075e-01,1.42223585e-01
4.46757322e-01,6.43059956e-01,-5.91381744e-01,1.92741852e-01
3.75408666e-01,5.11364054e-01,1.72744779e-01,7.53481505e-01
2.35943007e-01,4.95376706e-01,-5.87543935e-01,5.94747797e-01
2.81275221e-01,2.19704923e-01,2.66659864e-01,8.95268962e-01
-4.62240312e-01,8.13874816e-01,2.39955371e-01,2.57610361e-01
-5.25863230e-01,5.30522012e-01,-4.75100194e-01,-4.65074257e-01
-5.44560048e-01,-2.99278616e-01,4.49319464e-01,-6.41871236e-01
3.50500360e-01,-2.30172308e-01,8.65318765e-01,2.74579026e-01
1.28752620e-01,-6.48028388e-01,1.62853151e-01,7.32776106e-01
-1.59670517e-01,-8.49146896e-01,5.01196118e-01,4.75113308e-02
1.02667102e-01,7.70420838e-01,-2.91831861e-01,5.57445390e-01
2.83840822e-01,-8.89919674e-01,-7.73879153e-03,3.56955842e-01
5.13639513e-01,-7.27870994e-01,-4.52684310e-01,-3.81468564e-02
6.08868302e-02,-7.56077416e-01,4.04255921e-01,5.11093813e-01
7.71057910e-01,-5.45022575e-01,1.64266532e-01,2.85370984e-01
-5.49379843e-02,-5.01788101e-01,8.57461692e-01,9.97495189e-02
5.52324986e-01,-7.42773191e-01,1.51506365e-01,3.46800978e-01
-3.96059926e-01,5.15753318e-01,1.50064994e-01,7.44725149e-01
-4.06140186e-01,-3.96653301e-01,-6.99363552e-01,4.34288994e-01
6.13409963e-01,4.09665681e-01,-4.89765794e-01,4.64792119e-01
-1.18602460e-01,-8.68900575e-01,-1.12661083e-01,4.67175265e-01
7.16211348e-01,1.29723167e-01,6.37452117e-01,-2.52721197e-01
-1.97239337e-01,4.09754940e-01,7.57958974e-01,4.67649150e-01
4.06470055e-01,-7.59224688e-01,-5.02400415e-01,7.71608101e-02
-5.17805945e-02,6.33924940e-02,9.80738483e-01,-1.77347653e-01
-4.50548113e-01,8.36758260e-01,3.07777329e-01,-4.59905308e-02
-1.08940925e-01,-6.06423213e-01,-3.72170962e-01,6.94169674e-01
5.36683407e-01,-1.20572119e-01,2.54290311e-01,7.95468241e-01
6.08667352e-01,2.01393781e-01,7.67119977e-01,2.21707270e-02
8.53394072e-02,2.13384641e-01,8.59231691e-01,4.57061355e-01
-3.30747240e-01,-4.83315366e-01,3.80686368e-01,-7.15604926e-01
3.03231966e-01,-6.27997697e-01,6.98519151e-01,1.60437722e-01
1.26097195e-01,-5.45271796e-01,-6.18912688e-01,5.51112738e-01
-7.73382575e-01,1.74646498e-01,1.41582361e-01,5.92733017e-01
5.98809317e-01,4.12330927e-01,-4.94197163e-01,4.76633794e-01
6.51230130e-01,-2.30008185e-01,6.73035381e-01,2.64610899e-01
-3.98039099e-01,-6.06713865e-01,5.23166047e-01,-4.46945690e-01
-5.57854885e-01,-6.77602878e-01,-3.69873493e-01,3.04706196e-01
5.43095439e-01,5.17816499e-01,5.76008825e-02,6.58479731e-01
-4.94659373e-01,7.82029897e-01,-2.80427166e-01,-2.55150839e-01
3.23169215e-01,-6.43056927e-01,3.49635671e-01,5.99828596e-01
6.93317823e-01,-1.51934837e-01,6.89377491e-01,1.44861578e-01
5.72616681e-01,-5.06351958e-01,4.98100254e-01,4.09406850e-01
4.96468498e-01,3.19093692e-01,-7.57382885e-01,-2.79409040e-01
-5.00827704e-01,-2.55098261e-01,6.52186194e-01,-5.08674411e-01
-5.48188731e-01,3.43089571e-02,5.70584874e-01,-6.10528387e-01
5.05866312e-01,-7.61008235e-01,-2.98085723e-01,-2.75881572e-01
3.54270164e-01,5.74884367e-01,5.49573499e-01,4.91904041e-01
5.45378524e-01,3.74573787e-01,6.99177549e-01,2.70938183e-01
-5.57001824e-01,6.32324013e-01,-3.76825339e-01,3.84601058e-01
-8.54499069e-01,-1.00417560e-01,5.06257807e-01,-5.87425480e-02
-3.33216127e-01,-4.26772989e-01,2.30086644e-01,8.08635867e-01
1.07801533e-01,-7.82148725e-02,9.08738911e-01,3.95543746e-01
-8.02001976e-02,6.15786077e-01,-2.35097460e-01,7.47732987e-01
3.29339953e-01,2.68756689e-02,-9.40027475e-01,-8.46241150e-02
1.40683755e-01,-5.69268250e-01,-1.32945703e-01,-7.99041414e-01
6.35424212e-01,7.96989149e-02,-2.95418178e-02,7.67470804e-01
-8.14188114e-01,-1.68159182e-01,5.05859785e-01,2.30056691e-01
1.17002163e-01,-4.22014816e-01,5.11104031e-01,7.39585464e-01
-8.28440794e-01,1.32397310e-01,4.40065547e-01,-3.20154834e-01
6.47898264e-01,-4.93155218e-01,4.01079304e-01,4.19715573e-01
-3.54846016e-01,2.45558042e-01,-7.16037359e-01,-5.48703976e-01
-6.76378660e-01,4.60623712e-01,4.02294852e-01,4.10483322e-01
3.64628931e-01,6.82421208e-01,-1.81839261e-01,6.06862028e-01
2.35593028e-01,-8.78382301e-01,4.14207242e-01,-3.70515770e-02
-5.88826147e-01,-3.89315746e-01,5.95565165e-01,-3.83430767e-01
4.71034976e-01,5.47292348e-01,-4.92440491e-01,4.85900710e-01
-7.97935284e-02,-3.32609573e-01,-4.05194419e-01,8.47833325e-01
-5.92334106e-01,4.58860572e-01,-9.59622471e-02,6.55269814e-01
-4.59179993e-01,-4.52594359e-01,-5.68862757e-01,5.10594990e-01
-7.05064462e-01,1.19585307e-01,6.91543094e-01,1.01742850e-01
7.46320234e-01,-1.33110232e-01,6.37829237e-01,-1.35873611e-01
3.76139710e-01,2.17673946e-01,4.40775135e-01,7.85400695e-01
-3.50391470e-01,2.67676534e-01,4.28952344e-01,7.88400265e-01
6.56975832e-02,2.41269053e-01,9.29743971e-01,2.70276192e-01
-5.84837233e-01,-4.69004839e-01,-3.53927766e-01,5.59227153e-01
3.24677957e-01,8.26164907e-01,4.57716385e-01,-5.03138241e-02
7.97248519e-01,2.87013596e-01,8.54558512e-02,5.24132896e-01
-6.95766239e-01,-1.18518765e-01,6.99204147e-01,-1.13913138e-01
-5.42746113e-01,8.14358627e-01,-1.69466476e-01,-1.16309059e-01
4.59027261e-01,-1.72858896e-01,4.03656835e-01,7.72317898e-01
-6.59670334e-01,-7.48531953e-01,-1.40023606e-02,6.58703287e-02
-3.98727062e-01,3.41024233e-01,7.86500449e-01,3.25785583e-01
-6.86840276e-01,-4.00591059e-01,5.53394711e-01,-2.48055505e-01
6.69618491e-01,-3.02499938e-01,6.78081330e-01,1.76231133e-02
-3.31434884e-01,-8.22992595e-01,-1.62245531e-01,4.31868607e-01
-5.73402869e-01,6.94766184e-01,3.18652265e-01,2.94906481e-01
-5.35078970e-01,-7.44896131e-01,-3.91939447e-01,7.21368118e-02
2.44333484e-01,8.34256013e-01,4.54824987e-01,1.93525927e-01
-3.61595015e-01,2.27727303e-01,6.03046105e-01,6.73590911e-01
-1.32348360e-01,-7.05638634e-01,-1.24323283e-01,6.84910031e-01
9.13977026e-02,6.86995351e-01,-8.59669876e-02,7.15746830e-01
8.65772927e-01,1.37882863e-01,-4.85378148e-02,4.78612198e-01
-2.32200674e-01,4.79608922e-02,-3.63749170e-02,9.70803515e-01
8.71185198e-02,1.50330037e-01,-1.35805186e-01,9.75381051e-01
3.26972138e-01,-5.83431498e-01,5.34608931e-01,5.16614168e-01
4.18897077e-01,5.80430865e-01,-1.92195691e-01,6.71331562e-01
3.53823568e-01,8.97712183e-02,-6.18907231e-01,-6.95488210e-01
-8.08792821e-01,-2.85131832e-02,-3.67323327e-01,-4.58382749e-01
-7.21938109e-01,-5.89218081e-02,5.94857330e-01,3.48537435e-01
-3.24192602e-01,4.08659896e-01,-1.46359879e-01,8.40520691e-01
1.83904553e-01,-6.32037494e-01,-6.31477312e-01,4.09809865e-01
5.34755123e-01,2.32402339e-01,-8.10635454e-01,-5.38170257e-02
-1.57929404e-01,-6.88724672e-01,-7.05950838e-01,-4.84772523e-02
-3.05275643e-01,5.77468153e-01,-2.42496109e-01,7.17309523e-01
-1.43954758e-01,-8.37863304e-01,-4.97360108e-01,1.72901803e-01
2.82150079e-02,-5.39915445e-01,-7.98563546e-02,8.37447424e-01
-3.49805848e-01,-1.11465893e-01,6.03649916e-01,7.07684960e-01
-2.77294493e-01,6.25071632e-01,3.41104932e-01,6.45012127e-01
5.70273539e-01,3.05079253e-01,-2.25721446e-01,7.28535908e-01
8.00059959e-01,4.70406968e-01,1.20191874e-01,3.52385102e-01
-4.74117065e-02,3.64985847e-02,9.90349071e-01,1.25014801e-01
5.62427332e-01,7.78766138e-01,-2.77288491e-01,-1.76037070e-02
-2.92502635e-01,8.30664155e-01,9.33905847e-02,4.64453947e-01
-5.97289040e-02,-6.46957750e-01,1.48804232e-01,7.45476645e-01
4.54399627e-01,-5.57438369e-01,-6.63661261e-01,-2.05759990e-01
2.23902948e-01,5.86056731e-01,-4.54595645e-01,6.32256101e-01
-5.31788808e-01,8.11004972e-02,2.68940986e-02,8.42555684e-01
4.72837818e-01,-2.00853594e-01,-8.44456961e-01,1.51573985e-01
4.51192206e-01,-3.29803759e-01,7.73679518e-01,2.98454480e-01
2.94852913e-01,-6.62642485e-01,3.23289436e-01,6.07824512e-01
3.08237110e-01,4.51324864e-01,-6.30537874e-01,5.51105925e-01
-1.60221891e-01,-4.71060072e-01,-8.17656421e-01,2.89602022e-01
-6.07955231e-01,3.48929660e-01,-6.45090941e-01,-3.04131891e-01
7.60513813e-01,-5.49073631e-01,3.45497844e-01,-2.77151301e-02
-8.36462406e-01,3.26641605e-01,4.36470285e-02,4.37870806e-01
3.29165304e-01,-7.61693310e-01,-5.09514817e-01,-2.27745811e-01
-7.69118177e-01,4.24567856e-03,4.30961851e-01,-4.71922754e-01
3.89318412e-01,2.71167093e-01,-1.48875262e-01,8.67603445e-01
7.03224036e-01,-6.00769894e-01,-3.04094957e-01,2.28205494e-01
7.73081493e-01,7.72242564e-02,-4.37774697e-01,-4.52476225e-01
-1.41912005e-01,1.90168464e-01,-3.20182117e-01,-9.17158847e-01
-3.68055654e-02,-6.66096539e-01,-8.93465646e-02,7.39579571e-01
-5.22693735e-01,5.03526545e-01,6.73173965e-01,-1.41735990e-01
5.73647619e-03,-6.94044625e-01,-6.68645327e-01,2.66800632e-01
4.80029350e-01,7.88403682e-01,3.84514957e-01,1.18196684e-02
-6.07767649e-01,3.00706079e-01,6.66677487e-01,3.09411486e-01
-1.91499505e-01,6.41193099e-01,4.89292818e-01,5.59278006e-01
-2.37074166e-01,-7.15323895e-01,-3.18524218e-01,5.75021641e-01
-5.45405745e-01,2.75126949e-01,4.25708060e-02,7.90585518e-01
4.02269397e-01,-5.69353648e-01,3.59750758e-01,6.20157357e-01
-8.12028452e-01,1.03556211e-01,-5.74174624e-01,-1.44708739e-02
3.66583100e-01,-5.79026564e-01,5.19388624e-01,5.10470887e-01
-1.83733438e-01,8.10073600e-01,-2.90132772e-01,4.75232324e-01
2.60910308e-01,-8.01145910e-01,-4.44725867e-01,-3.03825517e-01
5.18627498e-02,-1.95534104e-01,8.68105399e-02,9.75469425e-01
6.57720240e-01,3.99395385e-01,-6.31225370e-01,-9.71696679e-02
5.38849624e-01,-4.86712092e-01,5.09701569e-01,4.61472353e-01
1.86914427e-01,5.43102427e-01,7.96004432e-01,1.90996582e-01
-3.87997827e-01,-8.46959356e-01,1.50592849e-01,3.30816157e-01
-4.56958502e-01,-5.51463671e-01,-3.80398137e-01,5.85127340e-01
-7.84631109e-02,3.09631665e-01,6.85458508e-01,6.54307577e-01
5.73256067e-01,6.97078839e-01,3.03046087e-01,-3.05976540e-01
-2.59411790e-02,-3.17387660e-02,-8.52601278e-01,5.20951789e-01
3.86527241e-01,8.82352451e-01,-2.60484398e-01,6.47975503e-02
5.76542171e-01,5.77088662e-01,-5.04623620e-01,2.82706213e-01
-4.67230862e-01,3.79584390e-01,-2.43437436e-02,7.98134321e-01
-6.71789234e-01,6.40562322e-01,-2.08768481e-01,3.07887736e-01
-6.27883989e-02,1.09695924e-01,-9.30888608e-01,3.42740164e-01
-7.27055064e-01,5.00707057e-01,3.98008295e-01,-2.49545135e-01
7.00345866e-01,-1.42868362e-01,6.92320477e-01,9.89780620e-02
5.69933296e-01,4.03601816e-01,-2.98572188e-01,6.50489247e-01
-5.96716842e-01,-6.83867721e-01,3.41259081e-02,4.18436821e-01
7.39716912e-01,-6.58009609e-02,6.65994986e-01,7.02837222e-02
-8.24486900e-01,5.72056201e-02,-2.06064095e-01,5.23914551e-01
7.20769870e-01,1.48196251e-01,6.32621891e-01,-2.41491635e-01
4.17931788e-01,4.22238647e-01,1.12644277e-01,7.96466454e-01
1.67869725e-01,-7.24692164e-01,1.21240962e-01,6.57222681e-01
6.49772177e-01,6.99375985e-01,-2.92355364e-01,-5.65481337e-02
-2.62399912e-01,-1.49492555e-01,6.87603741e-01,-6.60302474e-01
-7.08299409e-01,6.58965432e-01,6.47135097e-02,2.44721613e-01
7.98334971e-01,3.37088229e-01,-4.98705624e-01,1.80416394e-02
-3.41568322e-01,-3.59025741e-01,-6.79648848e-01,5.40841051e-01
-4.77748886e-02,-3.40816204e-02,-6.00581753e-01,7.97406773e-01
5.67778707e-01,2.50879860e-01,-7.82306589e-01,-5.17980414e-02
4.01380295e-01,-6.20774135e-01,5.95061319e-01,3.15333726e-01
5.36397993e-01,-1.73461508e-01,7.23395105e-01,-3.98607351e-01
-1.20736572e-01,-7.17179142e-01,-4.31599169e-01,5.33665546e-01
-3.27408178e-01,-2.10279833e-01,-5.69809195e-01,-7.23811963e-01
1.93957386e-01,5.16605459e-01,-4.44779129e-01,7.05457907e-01
3.05675812e-01,9.07778641e-01,2.06342803e-01,1.99807119e-01
6.61481071e-01,-1.85654321e-01,7.04276010e-01,1.78803152e-01
2.00827169e-01,8.21148446e-01,-5.33127198e-01,3.40451073e-02
-6.37616153e-02,-4.32365018e-01,6.34869873e-01,6.37130435e-01
-1.42675537e-01,4.93762507e-01,3.89385754e-01,7.64343517e-01
-2.09904653e-01,-2.20178877e-01,2.63560983e-01,9.15421710e-01
-5.32912143e-01,2.43504530e-01,3.33692679e-01,7.38484521e-01
5.48520289e-01,7.37210219e-01,3.13682300e-01,-2.39269721e-01
1.03911195e-01,-6.36798969e-01,6.84459048e-01,3.39419132e-01
3.68812726e-01,-1.23127726e-01,-3.96559760e-01,-8.31599118e-01
-5.65695649e-01,4.10850352e-01,6.62848919e-01,-2.67995767e-01
-6.25975061e-01,6.54503086e-01,8.25685041e-02,4.15888659e-01
5.48051917e-01,2.92701970e-01,-5.87531465e-01,5.18431703e-01
-1.67810821e-02,3.22803508e-01,7.49840264e-02,9.43341765e-01
2.54959480e-02,-2.48781119e-01,9.65635524e-01,7.07527107e-02
4.21816673e-01,6.01429635e-01,-5.12205482e-01,4.44970372e-01
4.17750845e-01,7.25185682e-01,-3.92262208e-01,3.81733307e-01
-2.89096263e-01,8.51078163e-01,1.92391288e-01,3.93795509e-01
-1.84284710e-01,-7.54880195e-01,5.19025479e-01,3.56100531e-01
-4.09478594e-01,6.97981686e-01,2.21300874e-01,5.44219413e-01
3.90862859e-02,-8.85093318e-01,2.61830095e-01,3.82788561e-01
-2.04397659e-01,-3.06085316e-01,-9.24932933e-01,9.50391772e-02
-5.53259884e-02,1.53933045e-01,8.89222012e-01,4.27232800e-01
-3.17920107e-01,5.21242471e-01,4.18836972e-01,6.72167154e-01
-9.79874478e-01,-8.58948123e-02,-9.71788690e-02,1.51737787e-01
8.99111922e-01,-3.72067911e-01,1.46338644e-02,2.30106653e-01
-2.04285858e-01,6.58797628e-01,3.84265902e-01,6.13671484e-01
-9.02627423e-01,-1.36699397e-01,1.30335673e-01,3.86768176e-01
2.96139553e-01,2.87106772e-01,-6.48180469e-01,-6.40104012e-01
5.60011060e-01,8.13719818e-01,7.22370477e-02,1.37947380e-01
3.99430949e-01,-4.32534235e-01,4.44481216e-01,6.75133691e-01
-5.27782828e-01,1.62420232e-01,-7.94956888e-01,2.51214055e-01
-5.10219406e-01,3.14605126e-01,-5.51104966e-01,-5.80502446e-01
5.41820081e-01,-2.82558455e-01,-7.83305692e-01,-1.14122355e-01
3.17372015e-01,-3.42698515e-01,-3.19257633e-01,-8.24564913e-01
-6.57342598e-02,7.21282023e-01,-4.56500584e-01,5.16757648e-01
3.18894794e-01,-1.87436507e-01,7.02261186e-01,6.08278631e-01
-4.87892028e-01,2.14586648e-01,7.96656077e-01,2.85049178e-01
5.78779312e-01,6.68626356e-02,-6.79921374e-01,-4.45253659e-01
-2.72939127e-02,-3.80741118e-01,3.21131820e-01,8.66698100e-01
-5.68856547e-01,-7.46055011e-01,3.45538556e-01,2.01805735e-02
5.65571251e-01,-2.85582478e-02,-3.16466602e-01,-7.61027251e-01
5.62715598e-01,4.78323108e-01,-4.37322843e-01,5.13134379e-01
-4.47120322e-01,-1.21843640e-01,-3.28885752e-01,-8.22843671e-01
-5.13531883e-01,6.57673892e-01,-3.75498519e-01,-4.03423993e-01
-2.38932251e-01,3.48603484e-01,-9.03886045e-01,6.61589640e-02
1.26940784e-01,8.13179801e-01,5.60724027e-01,9.06267862e-02
7.38583789e-03,9.38268763e-01,-3.37538013e-01,7.52679733e-02
7.65871462e-02,6.92371306e-01,-6.59850375e-03,7.17434905e-01
2.23622075e-01,-2.31153714e-02,-9.72154444e-01,6.61406357e-02
8.41719885e-01,4.21839200e-01,-2.39879606e-02,3.36130783e-01
7.41247025e-01,2.55280874e-02,5.76949713e-01,3.42096760e-01
-5.05874599e-02,-2.72909658e-01,9.30118974e-01,2.40499317e-01
7.38737581e-02,-6.58560498e-01,7.44610600e-01,-7.99736929e-02
4.77354100e-01,7.85452876e-01,7.69946317e-02,3.86353038e-01
1.08048509e-01,5.27055686e-01,7.42339040e-02,8.39658950e-01
-2.19258320e-01,-1.86693469e-01,5.69225208e-01,7.70099994e-01
-5.54003994e-01,1.10716939e-01,-3.12816064e-01,-7.63523047e-01
-1.65637895e-01,-4.90654562e-01,3.83760325e-01,7.64558828e-01
-6.47027147e-01,-4.91986201e-01,5.70899037e-01,1.15670823e-01
4.47339130e-01,-4.40613564e-01,4.47604555e-01,6.36708374e-01
-4.79901249e-02,-7.12931016e-01,-1.43602349e-02,6.99442706e-01
-4.26311099e-01,2.15600044e-02,8.71876807e-01,-2.40051757e-01
1.14711348e-02,5.82271830e-01,1.67660313e-02,8.12740321e-01
4.78550179e-01,2.15190429e-01,4.28411584e-01,7.35626482e-01
1.41414985e-01,9.85745310e-01,-1.15288288e-02,9.04161088e-02
3.63856932e-01,2.12007314e-01,-8.55087678e-01,3.02466685e-01
6.71071825e-01,1.93206370e-01,-6.91969911e-01,1.83061593e-01
1.31522697e-01,-8.16629884e-01,-1.00826892e-01,5.52857442e-01
-4.93726720e-01,2.02007883e-01,8.04101251e-01,2.62388872e-01
-2.11109919e-01,8.41948914e-01,-2.08884057e-01,4.50468732e-01
5.08373567e-01,-6.03889520e-01,3.69405118e-01,4.90319920e-01
3.67846370e-01,-6.88150191e-01,-3.67759374e-01,5.05857100e-01
-2.70985504e-01,2.88385753e-01,1.70722751e-02,9.18209699e-01
5.02562900e-02,-5.31979031e-01,8.45258424e-01,3.28827855e-03
1.05799529e-01,-4.99170070e-01,7.25386077e-01,4.62007294e-01
-5.56823778e-01,1.56453072e-01,5.49313595e-01,6.03095591e-01
-8.98126434e-01,-1.63389100e-01,-3.29723873e-01,2.40738611e-01
-3.81912939e-01,-7.09959352e-01,-5.90071109e-01,-4.37756875e-02
3.74608272e-01,-5.87526416e-01,3.46106009e-01,6.28245163e-01
-3.75838073e-01,-6.46680013e-01,6.00070607e-01,-2.83665242e-01
-1.29897849e-01,-9.40789904e-01,3.78720471e-02,3.10816044e-01
1.60067474e-02,-7.15096335e-01,2.26734288e-01,6.61039015e-01
6.47143642e-01,-3.18904661e-01,-6.63277194e-01,1.98917791e-01
2.59779469e-01,3.64742242e-01,-2.55041343e-01,8.56989870e-01
-1.04323100e-01,-1.58159967e-01,2.62401386e-01,9.46175263e-01
-7.24278326e-01,-6.06337934e-01,-1.48990261e-01,2.92535669e-01
3.04302995e-01,2.59837374e-01,-8.73455643e-01,-2.77415691e-01
-9.51398415e-02,-5.43892324e-01,4.04317371e-02,8.32763367e-01
5.84990697e-01,-2.56758889e-01,2.69880801e-01,7.20433974e-01
4.68849278e-01,-4.18769775e-01,-9.25035392e-03,7.77641730e-01
-6.43073330e-02,2.94432457e-01,-9.18379117e-01,2.56425219e-01
7.28333813e-01,-5.49498871e-01,2.94820972e-01,2.84009580e-01
5.54089507e-01,7.85259876e-01,2.16129928e-01,1.72161552e-01
-3.35157726e-02,-9.41303779e-01,3.07394478e-01,1.35397654e-01
-1.38130700e-01,5.44786715e-01,-4.39970487e-01,7.00395114e-01
-4.18957678e-01,4.43761429e-01,-3.69852799e-01,-7.00542052e-01
-6.41895155e-01,3.26018630e-02,6.36834200e-01,4.25852005e-01
-6.76996881e-03,2.25827675e-01,-8.19783910e-01,5.26222738e-01
1.98913262e-01,7.20446618e-01,-1.82691517e-01,6.38759731e-01
6.54869413e-01,-3.01739916e-01,6.50220880e-01,2.39399003e-01
-2.82425849e-01,7.42909534e-01,-3.57629416e-02,6.05839975e-01
3.51662512e-01,-6.13780160e-01,3.55595521e-01,6.10867595e-01
-1.72308875e-01,-6.73950243e-01,-2.47382297e-01,6.74464766e-01
7.97239044e-01,3.39398282e-01,-2.88657008e-01,4.07303137e-01
7.86550387e-01,-9.26917459e-02,-6.09033638e-01,4.27171738e-02
5.03709223e-01,3.88094304e-01,-5.14473382e-01,5.75305978e-01
-3.88288461e-01,6.74016806e-01,-3.68969822e-01,-5.08718671e-01
8.54036930e-01,5.04241153e-01,1.14245307e-01,-5.75307907e-02
-2.97876874e-01,-7.88625863e-01,9.03247665e-02,5.30264135e-01
-3.25949918e-01,6.31503085e-01,-3.02131098e-01,6.35356044e-01
5.03964782e-01,3.08506439e-01,8.01485482e-01,-9.20016118e-02
-5.50293514e-01,-3.42246857e-01,3.38514831e-01,6.82240314e-01
5.30967189e-01,6.91620780e-01,-4.88614889e-01,3.14647438e-02
-7.12337658e-01,-2.88264003e-01,-6.39435379e-01,2.45218724e-02
6.14495108e-01,-6.90850353e-02,-4.53158051e-01,-6.42083173e-01
-4.24737010e-01,-3.54340616e-01,8.17029530e-01,-1.62800329e-01
1.37816975e-01,-7.43404100e-01,4.57165780e-02,6.52891124e-01
-3.77814421e-02,-3.81097718e-01,7.04878193e-01,5.97062664e-01
-3.16134914e-01,-6.34455566e-01,-3.22684778e-01,6.27215581e-01
-3.35190327e-01,8.45117796e-01,2.96887955e-01,2.92028934e-01
-3.18385231e-01,-4.50375020e-01,5.10359973e-02,8.32579433e-01
5.42719312e-01,2.32201340e-01,6.67254751e-01,4.54212927e-01
3.69326700e-01,1.38307327e-02,-9.26725251e-01,6.77259865e-02
2.54383987e-02,-7.06828043e-01,3.17444821e-02,7.06214764e-01
-8.92634235e-01,1.35007632e-01,-2.04673968e-01,3.78266612e-01
-6.87127118e-01,2.51284575e-01,5.76237201e-01,3.64229425e-01
3.72387786e-01,-5.60708814e-01,-3.65762067e-01,-6.42768288e-01
3.03187017e-01,7.89181833e-01,1.87293552e-01,5.00190755e-01
6.38678066e-01,3.17630443e-01,3.95901692e-01,-5.78327832e-01
-7.75484985e-01,4.07138184e-02,6.11498163e-01,1.51774239e-01
3.72007285e-01,4.91449764e-01,2.48645907e-01,7.47169942e-01
-4.29072917e-01,3.70122107e-01,8.13049643e-01,1.33627600e-01
4.18617232e-01,-5.20373909e-01,-4.20273512e-01,-6.14280704e-01
-9.79011837e-01,-8.97371339e-02,-1.19020606e-01,-1.38986207e-01
-7.36256807e-01,3.21235859e-01,5.91752535e-01,6.75453529e-02
3.54630084e-01,-2.60060141e-01,7.25084355e-01,-5.29961230e-01
5.40831903e-01,3.21957280e-01,-4.87401767e-01,6.05213912e-01
-5.29425297e-01,-8.10083233e-01,1.85673672e-01,1.70291805e-01
